"","country","system","captured","destroyed","abandoned","damaged","total","Date"
"1",NA,"120mm mortar",2,0,0,0,2,2022-02-27
"2",NA,"122mm 2S1 Gvozdika",2,0,0,0,2,2022-02-27
"3",NA,"122mm BM-21 'Grad'",2,2,0,0,4,2022-02-27
"4",NA,"152mm 2A65 Msta-B howitzer",2,2,2,1,7,2022-02-27
"5",NA,"1L22 'Parol'",0,1,0,1,2,2022-02-27
"6",NA,"2K22M1 Tunguska",0,0,1,1,2,2022-02-27
"7",NA,"2S1 Gvozdika with ZU-23 AA gun",1,0,0,0,1,2022-02-27
"8",NA,"5P85D (launcher for S-300PS)",0,1,0,0,1,2022-02-27
"9",NA,"9A310M1-2 TELAR (launcher and radar for Buk-M1-2)",0,0,0,1,1,2022-02-27
"10",NA,"9K33 Osa",0,3,0,0,3,2022-02-27
"11",NA,"9M113 Konkurs",1,0,0,0,1,2022-02-27
"12",NA,"9P149 Shturm-S ATGM carrier",0,1,0,0,1,2022-02-27
"13",NA,"9T452 transporter-loader (for BM-27 'Uragan' MRL)",0,1,0,0,1,2022-02-27
"14",NA,"9лю131F Metis-M1",1,0,0,0,1,2022-02-27
"15",NA,"An-26 transport aircraft",0,2,0,0,2,2022-02-27
"16",NA,"BMD-2",1,0,1,0,2,2022-02-27
"17",NA,"BMD-4M",0,1,1,0,2,2022-02-27
"18",NA,"BMP-1",0,2,4,0,6,2022-02-27
"19",NA,"BMP-2",3,3,5,2,13,2022-02-27
"20",NA,"BRDM-2",0,0,8,0,8,2022-02-27
"21",NA,"BREM-K armoured recovery vehicle",1,0,0,0,1,2022-02-27
"22",NA,"BRM-1K",1,0,0,0,1,2022-02-27
"23",NA,"BSEM-4K",0,1,0,0,1,2022-02-27
"24",NA,"BTR-3",1,0,0,0,1,2022-02-27
"25",NA,"BTR-4",2,3,1,0,6,2022-02-27
"26",NA,"BTR-70",1,0,1,0,2,2022-02-27
"27",NA,"BTR-80",1,2,0,0,3,2022-02-27
"28",NA,"BTR-82A",1,0,0,0,1,2022-02-27
"29",NA,"BTR-D",2,1,0,0,3,2022-02-27
"30",NA,"Buk-M1",0,1,0,0,1,2022-02-27
"31",NA,"GAZ Sobol",0,1,1,0,2,2022-02-27
"32",NA,"GAZ Tigr-M",2,6,1,1,10,2022-02-27
"33",NA,"GAZ-3308",0,0,2,0,2,2022-02-27
"34",NA,"GAZ-66",4,2,3,3,12,2022-02-27
"35",NA,"HMMWV",0,1,0,0,1,2022-02-27
"36",NA,"IMR-2 combat engineering vehicle",0,1,0,0,1,2022-02-27
"37",NA,"Iveco LMV 'Rys'",1,0,0,0,1,2022-02-27
"38",NA,"Ka-52 'Alligator'",0,1,0,1,2,2022-02-27
"39",NA,"KamAZ",0,1,0,0,1,2022-02-27
"40",NA,"KamAZ 6x6",8,17,7,2,34,2022-02-27
"41",NA,"KamAZ-5350 with crane",0,1,0,0,1,2022-02-27
"42",NA,"KamAZ-5350 with EOV-3523 excavator",3,0,0,0,3,2022-02-27
"43",NA,"KamAZ-6350 8x8 artillery tractor",2,2,0,2,6,2022-02-27
"44",NA,"KamAZ-63968 Typhoon",2,0,0,0,2,2022-02-27
"45",NA,"Kozak-2",0,1,0,0,1,2022-02-27
"46",NA,"KrAZ-6322",5,1,0,0,6,2022-02-27
"47",NA,"MAZ",0,3,1,1,5,2022-02-27
"48",NA,"MAZ-537",0,1,0,0,1,2022-02-27
"49",NA,"MBT LAW 'NLAW'",1,0,0,0,1,2022-02-27
"50",NA,"Mi-24",0,1,0,0,1,2022-02-27
"51",NA,"MT-LB",3,2,0,0,5,2022-02-27
"52",NA,"MT-LB Ambulance",0,0,1,0,1,2022-02-27
"53",NA,"MT-LB with ZU-23 AA gun",0,1,0,0,1,2022-02-27
"54",NA,"MT-LBu",1,0,2,1,4,2022-02-27
"55",NA,"P-14 'Tall King'",0,0,0,1,1,2022-02-27
"56",NA,"P-35/37 'Bar Lock'",0,1,0,0,1,2022-02-27
"57",NA,"PRV-13 'Odd Pair'",0,1,0,0,1,2022-02-27
"58",NA,"R-149MA1 unified command and staff vehicle",2,0,0,0,2,2022-02-27
"59",NA,"R-419L1 communication station",0,0,1,0,1,2022-02-27
"60",NA,"Su-25 strike aircraft",0,1,0,0,1,2022-02-27
"61",NA,"Su-27 fighter aircraft",0,2,0,0,2,2022-02-27
"62",NA,"Su-30SM",0,1,0,0,1,2022-02-27
"63",NA,"T-64BV",0,3,5,1,9,2022-02-27
"64",NA,"T-72B",0,1,2,1,4,2022-02-27
"65",NA,"T-72B Obr. 1989",1,0,1,0,2,2022-02-27
"66",NA,"T-72B3",0,1,0,1,2,2022-02-27
"67",NA,"T-80BV",1,0,0,0,1,2022-02-27
"68",NA,"T-80BVM",0,1,0,0,1,2022-02-27
"69",NA,"TMM-3 bridge layer",4,1,0,0,5,2022-02-27
"70",NA,"Tor-M2",0,1,0,0,1,2022-02-27
"71",NA,"UAZ-469",1,0,0,0,1,2022-02-27
"72",NA,"Unknown BTR",0,0,1,0,1,2022-02-27
"73",NA,"Unknown truck",1,3,1,0,5,2022-02-27
"74",NA,"Unknown vehicle",0,3,0,0,3,2022-02-27
"75",NA,"Ural Federal",0,1,2,0,3,2022-02-27
"76",NA,"Ural-375D",1,1,0,0,2,2022-02-27
"77",NA,"Ural-4320",5,7,2,2,16,2022-02-27
"78",NA,"Ural-4320 Wrecker",1,0,0,1,2,2022-02-27
"79",NA,"Ural-43206",2,0,0,0,2,2022-02-27
"80",NA,"Varta",2,0,0,0,2,2022-02-27
"81",NA,"ZiL-131",0,3,1,0,4,2022-02-27
