"","country","system","captured","destroyed","abandoned","damaged","total","Date"
"1","Russia","'Orlan-20' reconnaissance UAV",1,1,0,0,2,"05/22/2022"
"2","Russia","(Unknown) truck",11,109,2,5,127,"05/22/2022"
"3","Russia","(Unknown) vehicle",1,25,2,3,31,"05/22/2022"
"4","Russia","100mm MT-12 anti-tank gun",1,1,0,0,2,"05/22/2022"
"5","Russia","120mm 2B11/2S12",5,4,0,0,9,"05/22/2022"
"6","Russia","120mm 2B11/2S12A",1,0,0,0,1,"05/22/2022"
"7","Russia","120mm 2B16 Nona-K howitzer",4,0,3,1,8,"05/22/2022"
"8","Russia","120mm 2S23 Nona-SVK",1,0,0,0,1,"05/22/2022"
"9","Russia","120mm 2S34 Khosta",2,0,0,0,2,"05/22/2022"
"10","Russia","120mm 2S9 Nona",4,3,1,0,8,"05/22/2022"
"11","Russia","122mm 2B17 Tornado-G",2,3,0,0,5,"05/22/2022"
"12","Russia","122mm 2S1 Gvozdika",3,9,1,0,13,"05/22/2022"
"13","Russia","122mm BM-21 Grad",21,17,4,4,46,"05/22/2022"
"14","Russia","122mm D-30 howitzer 2A18",8,1,2,0,11,"05/22/2022"
"15","Russia","152mm 2A65 Msta-B howitzer",9,7,1,3,20,"05/22/2022"
"16","Russia","152mm 2S19 Msta-S",21,21,10,1,53,"05/22/2022"
"17","Russia","152mm 2S3(M) Akatsiya",10,18,6,1,35,"05/22/2022"
"18","Russia","152mm 2S33 Msta-SM2",3,0,0,0,3,"05/22/2022"
"19","Russia","1L261 (for 1L260 Zoopark-1M counter-battery radar complex)",1,1,0,0,2,"05/22/2022"
"20","Russia","1L262E Rtut-BM",0,1,0,0,1,"05/22/2022"
"21","Russia","1RL257 Krasukha-4 (command post)",1,0,0,0,1,"05/22/2022"
"22","Russia","1V119 artillery fire direction vehicle",5,2,0,0,7,"05/22/2022"
"23","Russia","1V13(M) battery fire control center",5,4,3,0,12,"05/22/2022"
"24","Russia","1V14 battery command and forward observer vehicle",4,0,1,1,6,"05/22/2022"
"25","Russia","220mm BM-27 Uragan",4,7,0,0,11,"05/22/2022"
"26","Russia","220mm TOS-1A",5,0,0,3,8,"05/22/2022"
"27","Russia","23mm ZU-23",4,2,0,0,6,"05/22/2022"
"28","Russia","240mm 2S4 Tyulpan",0,1,0,0,1,"05/22/2022"
"29","Russia","2K22M1 Tunguska",1,2,4,2,9,"05/22/2022"
"30","Russia","2S1 with ZU-23 AA gun",1,0,0,0,1,"05/22/2022"
"31","Russia","9A310M1-2 TELAR (for Buk-M1-2)",0,2,0,1,3,"05/22/2022"
"32","Russia","9A316 TEL (for Buk-M2)",3,1,0,0,4,"05/22/2022"
"33","Russia","9A317 TELAR (for Buk-M2)",1,5,0,0,6,"05/22/2022"
"34","Russia","9A330 Tor TLAR (for 9K330 Tor)",6,0,2,4,12,"05/22/2022"
"35","Russia","9A331 TLAR (for 9K331 Tor-M1)",1,3,1,0,5,"05/22/2022"
"36","Russia","9A331M TLAR (for 9K332 Tor-M2)",1,1,0,0,2,"05/22/2022"
"37","Russia","9A39M1-2 TEL (for Buk-M1-2)",0,5,0,0,5,"05/22/2022"
"38","Russia","9K33 Osa",2,2,2,1,7,"05/22/2022"
"39","Russia","9K35 Strela-10",4,6,3,0,13,"05/22/2022"
"40","Russia","9P148 Konkurs",0,2,0,0,2,"05/22/2022"
"41","Russia","9P149 Shturm-S",5,4,3,0,12,"05/22/2022"
"42","Russia","9P163M-1 Kornet-T",0,1,0,0,1,"05/22/2022"
"43","Russia","9S18<U+041C>1(-2) (for Buk-M2)",1,0,0,0,1,"05/22/2022"
"44","Russia","9S18<U+041C>1(-3) (for Buk-M3)",0,1,0,0,1,"05/22/2022"
"45","Russia","9S36 (for Buk-M2)",1,1,0,0,2,"05/22/2022"
"46","Russia","9S470M1 (or variant thereof) command post (for Buk-M1/2)",0,1,0,0,1,"05/22/2022"
"47","Russia","9S932-2 intelligence, control and command vehicle (for Barnaul-T)",0,0,1,0,1,"05/22/2022"
"48","Russia","9T217 transloader (for 9K33 Osa)",1,1,0,0,2,"05/22/2022"
"49","Russia","9T244 transloader (for 9A330/1 Tor)",1,1,0,1,3,"05/22/2022"
"50","Russia","9T452 transporter-loader (for BM-27 'Uragan' MRL)",5,7,0,0,12,"05/22/2022"
"51","Russia","APE-5 command post",0,1,0,0,1,"05/22/2022"
"52","Russia","An-26 transport aircraft",0,1,0,0,1,"05/22/2022"
"53","Russia","Armoured SUV",1,0,0,1,2,"05/22/2022"
"54","Russia","BAT-2 heavy engineering vehicle",2,2,0,0,4,"05/22/2022"
"55","Russia","BMD-1KSh-A command vehicle",0,2,0,0,2,"05/22/2022"
"56","Russia","BMD-2",42,51,7,3,103,"05/22/2022"
"57","Russia","BMD-4M",11,23,1,0,35,"05/22/2022"
"58","Russia","BMK-130M/BMK-150 towing and motor boat",1,0,1,0,2,"05/22/2022"
"59","Russia","BMK-460 towing and motor boat",0,1,2,0,3,"05/22/2022"
"60","Russia","BMO-T",0,1,0,0,1,"05/22/2022"
"61","Russia","BMP-1(P)",17,26,2,2,47,"05/22/2022"
"62","Russia","BMP-1AM",0,2,2,1,5,"05/22/2022"
"63","Russia","BMP-1KSh command and staff vehicle",3,2,0,0,5,"05/22/2022"
"64","Russia","BMP-2",63,166,25,12,266,"05/22/2022"
"65","Russia","BMP-2K",0,0,1,0,1,"05/22/2022"
"66","Russia","BMP-3",38,53,1,5,97,"05/22/2022"
"67","Russia","BREM-1 armoured recovery vehicle",7,0,2,0,9,"05/22/2022"
"68","Russia","BREM-2 armoured recovery vehicle",1,0,0,0,1,"05/22/2022"
"69","Russia","BREM-Ch ''BREM-4'' armoured recovery vehicle",1,3,1,0,5,"05/22/2022"
"70","Russia","BREM-K armoured recovery vehicle",2,0,0,0,2,"05/22/2022"
"71","Russia","BRM-1K reconnaissance vehicle",1,8,0,0,9,"05/22/2022"
"72","Russia","BTR-60PU-12M air defence command vehicle",1,0,0,0,1,"05/22/2022"
"73","Russia","BTR-70",0,1,0,0,1,"05/22/2022"
"74","Russia","BTR-80",28,21,6,3,58,"05/22/2022"
"75","Russia","BTR-82A",53,84,9,9,155,"05/22/2022"
"76","Russia","BTR-D",21,12,7,1,41,"05/22/2022"
"77","Russia","BTR-MDM 'Rakushka'",7,2,0,1,10,"05/22/2022"
"78","Russia","BTR-ZD 'Skrezhet'",2,1,0,0,3,"05/22/2022"
"79","Russia","BTS-4A armoured recovery vehicle",1,0,0,0,1,"05/22/2022"
"80","Russia","Barnaul-T 9<U+0421>932-1 automated system for air defence units",4,0,1,0,5,"05/22/2022"
"81","Russia","Civilian KamAZ 6x6 converted for military use",2,1,0,0,3,"05/22/2022"
"82","Russia","E95M target drone (likely used as unmanned bait in order for Ukraine to reveal the location of air defence systems)",2,0,0,0,2,"05/22/2022"
"83","Russia","Eleron-3 reconnaissance UAV",8,1,0,0,9,"05/22/2022"
"84","Russia","Fara ground surveillance radar",1,0,0,0,1,"05/22/2022"
"85","Russia","Forpost reconnaissance UAV",0,1,0,0,1,"05/22/2022"
"86","Russia","Fuel train",0,2,0,0,2,"05/22/2022"
"87","Russia","GAZ Sobol",0,1,1,0,2,"05/22/2022"
"88","Russia","GAZ Tigr",2,3,1,0,6,"05/22/2022"
"89","Russia","GAZ Tigr-M",27,46,3,5,81,"05/22/2022"
"90","Russia","GAZ-3308",0,0,3,0,3,"05/22/2022"
"91","Russia","GAZ-3344-20 'Aleut' articulated tracked carrier",0,2,0,0,2,"05/22/2022"
"92","Russia","GAZ-66",6,6,1,0,13,"05/22/2022"
"93","Russia","GMZ-3 minelayer",1,0,0,0,1,"05/22/2022"
"94","Russia","IMR-2(M) combat engineering vehicle",5,2,3,0,10,"05/22/2022"
"95","Russia","IMR-3M combat engineering vehicle",1,0,0,1,2,"05/22/2022"
"96","Russia","Iveco LMV 'Rys'",3,17,1,2,23,"05/22/2022"
"97","Russia","K-53949 'Linza'",3,1,0,0,4,"05/22/2022"
"98","Russia","K-53949 'Typhoon-K'",2,5,1,0,8,"05/22/2022"
"99","Russia","KBLA-IVT target drone (likely used as unmanned bait in order for Ukraine to reveal the location of air defence systems)",0,1,0,0,1,"05/22/2022"
"100","Russia","Ka-52 'Alligator' attack helicopter",1,11,2,3,17,"05/22/2022"
"101","Russia","KamAZ 4x4",3,2,1,0,6,"05/22/2022"
"102","Russia","KamAZ 6x6",77,82,17,12,188,"05/22/2022"
"103","Russia","KamAZ 6x6 tanker",24,22,2,3,51,"05/22/2022"
"104","Russia","KamAZ 8x8",2,5,0,1,8,"05/22/2022"
"105","Russia","KamAZ Avtozaks",2,8,4,0,14,"05/22/2022"
"106","Russia","KamAZ with armoured cabin",3,1,2,0,6,"05/22/2022"
"107","Russia","KamAZ-5350 with EOV-3523 excavator",4,2,0,0,6,"05/22/2022"
"108","Russia","KamAZ-5350 with KS-45719-7M crane",1,3,0,0,4,"05/22/2022"
"109","Russia","KamAZ-5350 with crane",0,1,0,0,1,"05/22/2022"
"110","Russia","KamAZ-6350 8x8 artillery tractor",0,3,0,2,5,"05/22/2022"
"111","Russia","KamAZ-63968 'Typhoon'",3,8,2,1,14,"05/22/2022"
"112","Russia","KrAZ-255B",2,1,0,0,3,"05/22/2022"
"113","Russia","KrAZ-255B tanker",0,1,0,0,1,"05/22/2022"
"114","Russia","KrAZ-255B with excavator",1,1,0,0,2,"05/22/2022"
"115","Russia","MDK-3 trench-digging vehicle",1,0,0,0,1,"05/22/2022"
"116","Russia","MP-2IM signals vehicle",0,0,1,0,1,"05/22/2022"
"117","Russia","MT-LB",52,40,14,0,106,"05/22/2022"
"118","Russia","MT-LB Ambulance",0,2,0,0,2,"05/22/2022"
"119","Russia","MT-LB with ZU-23 AA gun",0,5,0,0,5,"05/22/2022"
"120","Russia","MT-LBM 6MB",0,1,1,0,2,"05/22/2022"
"121","Russia","MT-LBVM and MT-LBVMK",48,24,9,0,81,"05/22/2022"
"122","Russia","MT-LBu",5,6,1,0,12,"05/22/2022"
"123","Russia","MTU-72 bridge layer",1,0,0,0,1,"05/22/2022"
"124","Russia","Mi-24P attack helicopter",0,3,0,0,3,"05/22/2022"
"125","Russia","Mi-28 attack helicopter",0,5,0,0,5,"05/22/2022"
"126","Russia","Mi-35M attack helicopter",0,3,0,0,3,"05/22/2022"
"127","Russia","Mi-8 transport helicopter",0,11,1,0,12,"05/22/2022"
"128","Russia","Orion UCAV",0,1,0,0,1,"05/22/2022"
"129","Russia","Orlan-10 jamming UAV",1,0,0,0,1,"05/22/2022"
"130","Russia","Orlan-10 reconnaissance UAV",19,31,0,0,50,"05/22/2022"
"131","Russia","Orlan-30 reconnaissance UAV",0,2,0,0,2,"05/22/2022"
"132","Russia","P-260-U signal vehicle (for Redut-2US signal and communications system)",1,1,0,0,2,"05/22/2022"
"133","Russia","PMP floating bridge",2,4,1,0,7,"05/22/2022"
"134","Russia","PP-2005 floating bridge",1,5,2,1,9,"05/22/2022"
"135","Russia","PPRU-1(M) '9S80(-1)' 'Sborka' (for 9K35 Strela-10)",1,1,0,0,2,"05/22/2022"
"136","Russia","PTS-3 tracked amphibious transport",1,2,4,0,7,"05/22/2022"
"137","Russia","Pantsir-S1",3,4,1,1,9,"05/22/2022"
"138","Russia","Pontoon bridge",4,6,1,0,11,"05/22/2022"
"139","Russia","Project 03160 Raptor class patrol boat",0,4,0,1,5,"05/22/2022"
"140","Russia","Project 1164 Slava class guided missile cruiser 'Moskva'",0,1,0,0,1,"05/22/2022"
"141","Russia","Project 1171 Tapir class landing ship 'Saratov (BDK-65)'",0,1,0,0,1,"05/22/2022"
"142","Russia","Project 11770 Serna class landing craft",0,1,0,0,1,"05/22/2022"
"143","Russia","Project 775 Ropucha class landing ship",0,0,0,1,1,"05/22/2022"
"144","Russia","R-145BM1 command vehicle",0,1,0,0,1,"05/22/2022"
"145","Russia","R-149AKSh-1 command and signals vehicle",0,3,0,0,3,"05/22/2022"
"146","Russia","R-149MA1 command and staff vehicle",12,11,3,1,27,"05/22/2022"
"147","Russia","R-149MA3 command and staff vehicle",6,5,0,2,13,"05/22/2022"
"148","Russia","R-166-0.5 signals vehicle",5,7,1,1,14,"05/22/2022"
"149","Russia","R-330BMV Borisoglebsk-2B",1,2,0,1,4,"05/22/2022"
"150","Russia","R-330ZH Zhitel",0,2,0,0,2,"05/22/2022"
"151","Russia","R-419L1 communications station",0,0,1,0,1,"05/22/2022"
"152","Russia","REM-KL armoured recovery vehicle",1,2,0,0,3,"05/22/2022"
"153","Russia","RKhM-6 Povozka",0,2,0,0,2,"05/22/2022"
"154","Russia","SNAR-10M1 battlefield surveillance radar",1,0,0,0,1,"05/22/2022"
"155","Russia","Su-25 close air support aircraft",0,8,0,1,9,"05/22/2022"
"156","Russia","Su-30SM multirole aircraft",0,5,0,0,5,"05/22/2022"
"157","Russia","Su-34 strike aircraft",0,9,0,0,9,"05/22/2022"
"158","Russia","Su-35S multirole aircraft",0,1,0,0,1,"05/22/2022"
"159","Russia","T-64A",1,0,0,0,1,"05/22/2022"
"160","Russia","T-64B",0,1,0,0,1,"05/22/2022"
"161","Russia","T-64BV",4,12,0,3,19,"05/22/2022"
"162","Russia","T-72A",9,6,0,0,15,"05/22/2022"
"163","Russia","T-72AV",3,4,0,1,8,"05/22/2022"
"164","Russia","T-72B",46,67,6,8,127,"05/22/2022"
"165","Russia","T-72B Obr. 1989",17,27,4,4,52,"05/22/2022"
"166","Russia","T-72B3",47,51,8,6,112,"05/22/2022"
"167","Russia","T-72B3 Obr. 2016",50,44,6,5,105,"05/22/2022"
"168","Russia","T-72BA",3,0,0,1,4,"05/22/2022"
"169","Russia","T-80BV",10,11,6,4,31,"05/22/2022"
"170","Russia","T-80BVM",15,9,1,0,25,"05/22/2022"
"171","Russia","T-80U",23,27,15,2,67,"05/22/2022"
"172","Russia","T-80UE-1",4,1,0,0,5,"05/22/2022"
"173","Russia","T-80UK",1,1,1,0,3,"05/22/2022"
"174","Russia","T-80UM2",0,1,0,0,1,"05/22/2022"
"175","Russia","T-90A",8,8,4,0,20,"05/22/2022"
"176","Russia","T-90M",0,1,0,0,1,"05/22/2022"
"177","Russia","TMM-3 bridge layer",15,4,3,4,26,"05/22/2022"
"178","Russia","TZ-500 tanker",0,1,0,0,1,"05/22/2022"
"179","Russia","TZM-T reloader vehicle (for TOS-1A)",4,3,2,0,9,"05/22/2022"
"180","Russia","Takhion reconnaissance UAV",2,0,0,0,2,"05/22/2022"
"181","Russia","Torn(-MDM)",1,0,0,0,1,"05/22/2022"
"182","Russia","UAZ Patriot",0,1,1,1,3,"05/22/2022"
"183","Russia","UAZ-23632",3,0,0,0,3,"05/22/2022"
"184","Russia","UAZ-23632-148-64 armed pickup truck",0,1,0,0,1,"05/22/2022"
"185","Russia","UAZ-452",1,5,0,0,6,"05/22/2022"
"186","Russia","UAZ-469",2,2,1,0,5,"05/22/2022"
"187","Russia","UR-67 mine clearing charge on BTR-D APC",1,0,0,0,1,"05/22/2022"
"188","Russia","UR-77 'Meteorit' mine clearing vehicle",7,4,2,0,13,"05/22/2022"
"189","Russia","Unknown AFV",2,59,2,3,66,"05/22/2022"
"190","Russia","Unknown BMP-1/2",0,19,2,3,24,"05/22/2022"
"191","Russia","Unknown BTR-80/BTR-82A",0,17,3,1,21,"05/22/2022"
"192","Russia","Unknown BTR-D/BMD-2",1,17,0,0,18,"05/22/2022"
"193","Russia","Unknown Buk SAM system",0,3,0,0,3,"05/22/2022"
"194","Russia","Unknown Mi-24/35 attack helicopter",0,0,0,1,1,"05/22/2022"
"195","Russia","Unknown SPG",0,0,0,1,1,"05/22/2022"
"196","Russia","Unknown Tor SAM system",0,1,0,0,1,"05/22/2022"
"197","Russia","Unknown aircraft",0,1,0,0,1,"05/22/2022"
"198","Russia","Unknown communications station",0,1,0,0,1,"05/22/2022"
"199","Russia","Unknown communications station based on the KamAZ 6x6",1,0,0,1,2,"05/22/2022"
"200","Russia","Unknown helicopter",0,1,0,0,1,"05/22/2022"
"201","Russia","Unknown tank",3,85,2,12,102,"05/22/2022"
"202","Russia","Ural Federal",2,6,3,0,11,"05/22/2022"
"203","Russia","Ural-375D",0,2,0,0,2,"05/22/2022"
"204","Russia","Ural-4320",60,65,15,3,143,"05/22/2022"
"205","Russia","Ural-4320 KET-L",1,0,0,1,2,"05/22/2022"
"206","Russia","Ural-4320 KT-L",2,1,0,0,3,"05/22/2022"
"207","Russia","Ural-4320 recovery vehicle",0,1,0,0,1,"05/22/2022"
"208","Russia","Ural-4320 tanker",31,30,1,1,63,"05/22/2022"
"209","Russia","Ural-4320 with crane",1,1,0,0,2,"05/22/2022"
"210","Russia","Ural-4320 with excavator",0,1,0,0,1,"05/22/2022"
"211","Russia","Ural-43206",14,18,3,1,36,"05/22/2022"
"212","Russia","Ural-5323",1,0,0,0,1,"05/22/2022"
"213","Russia","Ural-542301 tank transporter",1,0,1,0,2,"05/22/2022"
"214","Russia","Ural-63704-0010 Tornado-U",2,0,1,0,3,"05/22/2022"
"215","Russia","Vityaz DT-30 articulated tracked carrier",2,1,0,1,4,"05/22/2022"
"216","Russia","ZALA 421-16<U+0415>2 reconnaissance UAV",1,2,0,0,3,"05/22/2022"
"217","Russia","ZSU-23-4 'Shilka'",4,0,0,1,5,"05/22/2022"
"218","Russia","ZiL-131",1,4,2,1,8,"05/22/2022"
"219","Ukraine","100mm MT-12 anti-tank gun",2,1,1,0,4,"05/22/2022"
"220","Ukraine","120mm BTR-3M2",1,1,0,0,2,"05/22/2022"
"221","Ukraine","120mm Bars-8MMK",0,1,0,0,1,"05/22/2022"
"222","Ukraine","122mm 2S1 Gvozdika",9,6,1,1,17,"05/22/2022"
"223","Ukraine","122mm BM-21 'Grad'",2,10,0,0,12,"05/22/2022"
"224","Ukraine","122mm D-30 howitzer",1,1,0,0,2,"05/22/2022"
"225","Ukraine","152mm 2A36 Giatsint-B field-gun",0,0,1,0,1,"05/22/2022"
"226","Ukraine","152mm 2A65 Msta-B howitzer",1,0,2,0,3,"05/22/2022"
"227","Ukraine","152mm 2S19 Msta-S",0,0,0,2,2,"05/22/2022"
"228","Ukraine","152mm 2S3 Akatsiya",3,1,0,0,4,"05/22/2022"
"229","Ukraine","152mm 2S5 Giatsint-S",1,0,0,0,1,"05/22/2022"
"230","Ukraine","1L22 'Parol'",1,1,0,1,3,"05/22/2022"
"231","Ukraine","1V14 battery command and forward observer vehicle",1,0,0,0,1,"05/22/2022"
"232","Ukraine","1V15 battery command and forward observer vehicle",1,0,0,0,1,"05/22/2022"
"233","Ukraine","1V18 'Klyon-1' artillery command and forward observer vehicle",2,0,0,0,2,"05/22/2022"
"234","Ukraine","203mm 2S7 Pion",1,1,0,2,4,"05/22/2022"
"235","Ukraine","220mm BM-27 'Uragan'",2,1,0,0,3,"05/22/2022"
"236","Ukraine","23mm ZU-23",3,0,0,0,3,"05/22/2022"
"237","Ukraine","36D6 'Tin Shield'",0,2,1,0,3,"05/22/2022"
"238","Ukraine","5N63-1 'Flap Lid A' on 40V6M mast (for S-300PT)",1,0,0,0,1,"05/22/2022"
"239","Ukraine","5N63S 'Flap Lid B' (for S-300PS)",0,4,0,0,4,"05/22/2022"
"240","Ukraine","5N66M 'Clam Shell' on 40V6M mast (for S-300PT)",1,0,0,0,1,"05/22/2022"
"241","Ukraine","5P851A (launcher for S-300PT)",0,12,0,0,12,"05/22/2022"
"242","Ukraine","5P85D (launcher for S-300PS)",1,1,0,0,2,"05/22/2022"
"243","Ukraine","5P85D/S (launcher for S-300PS)",0,3,0,0,3,"05/22/2022"
"244","Ukraine","5P85S (launcher for S-300PS)",1,4,0,0,5,"05/22/2022"
"245","Ukraine","9A310M1 TELAR (for Buk-M1)",0,2,0,0,2,"05/22/2022"
"246","Ukraine","9A39M1 TEL (for Buk-M1)",0,1,0,0,1,"05/22/2022"
"247","Ukraine","9K33 Osa",3,10,0,0,13,"05/22/2022"
"248","Ukraine","9K35 Strela-10",1,1,1,1,4,"05/22/2022"
"249","Ukraine","9P148 Konkurs ATGM carrier",3,4,0,0,7,"05/22/2022"
"250","Ukraine","9P149 Shturm-S ATGM carrier",2,0,0,1,3,"05/22/2022"
"251","Ukraine","9T217 transloader (for 9K33 Osa)",0,1,0,0,1,"05/22/2022"
"252","Ukraine","9T452 transporter-loader (for BM-27 'Uragan' MRL)",0,2,0,0,2,"05/22/2022"
"253","Ukraine","A1-SM Fury reconnaissance UAV",1,3,0,0,4,"05/22/2022"
"254","Ukraine","AN/TPQ-36 lightweight counter mortar radar",0,0,0,1,1,"05/22/2022"
"255","Ukraine","AN/TPQ-49 lightweight counter mortar radar",1,0,0,0,1,"05/22/2022"
"256","Ukraine","AT105A 'Saxon'",4,0,0,0,4,"05/22/2022"
"257","Ukraine","An-26 transport aircraft",0,2,0,0,2,"05/22/2022"
"258","Ukraine","Armed pickup truck",0,3,0,0,3,"05/22/2022"
"259","Ukraine","Armed tactical buggy",0,1,0,0,1,"05/22/2022"
"260","Ukraine","Armoured Volkswagen Amarok pickup truck",1,0,0,1,2,"05/22/2022"
"261","Ukraine","BAT-2 heavy engineering vehicle",1,0,0,0,1,"05/22/2022"
"262","Ukraine","BMD-2",2,0,0,0,2,"05/22/2022"
"263","Ukraine","BMK-150 towing and motor boat",1,0,0,0,1,"05/22/2022"
"264","Ukraine","BMP-1(P)",13,30,7,1,51,"05/22/2022"
"265","Ukraine","BMP-1KSh",0,1,0,0,1,"05/22/2022"
"266","Ukraine","BMP-1TS",0,1,0,0,1,"05/22/2022"
"267","Ukraine","BMP-1U 'Shkval'",1,0,0,0,1,"05/22/2022"
"268","Ukraine","BMP-2",1,8,1,1,11,"05/22/2022"
"269","Ukraine","BMP-2K",1,0,0,0,1,"05/22/2022"
"270","Ukraine","BRDM-2",25,12,1,0,38,"05/22/2022"
"271","Ukraine","BREM-1 ARV",1,0,0,0,1,"05/22/2022"
"272","Ukraine","BRM-1K",6,1,0,1,8,"05/22/2022"
"273","Ukraine","BSEM-4K",0,1,0,0,1,"05/22/2022"
"274","Ukraine","BTR-3",5,9,0,1,15,"05/22/2022"
"275","Ukraine","BTR-4",21,12,2,1,36,"05/22/2022"
"276","Ukraine","BTR-60",4,0,0,0,4,"05/22/2022"
"277","Ukraine","BTR-70",11,2,1,1,15,"05/22/2022"
"278","Ukraine","BTR-80",20,14,0,1,35,"05/22/2022"
"279","Ukraine","BTR-D",1,1,0,0,2,"05/22/2022"
"280","Ukraine","BTS-4 ARV",2,0,0,0,2,"05/22/2022"
"281","Ukraine","BTS-4 ARV with ZU-23 AA gun",1,0,0,0,1,"05/22/2022"
"282","Ukraine","Bayraktar TB2 UCAV",0,7,0,0,7,"05/22/2022"
"283","Ukraine","Bogdan-63172",2,11,2,1,16,"05/22/2022"
"284","Ukraine","Bogdan-63172 'Kozak'",1,0,0,0,1,"05/22/2022"
"285","Ukraine","GAZ-3308",1,0,0,0,1,"05/22/2022"
"286","Ukraine","GAZ-66",25,17,3,4,49,"05/22/2022"
"287","Ukraine","GT-MU AFV converted to APC",1,0,0,0,1,"05/22/2022"
"288","Ukraine","Gyurza-M class gunboat",3,1,0,0,4,"05/22/2022"
"289","Ukraine","HMMWV",11,8,0,2,21,"05/22/2022"
"290","Ukraine","HMMWV Ambulance",5,0,0,3,8,"05/22/2022"
"291","Ukraine","IMR-2 combat engineering vehicle",1,0,0,0,1,"05/22/2022"
"292","Ukraine","Il-76 transport aircraft",0,1,0,0,1,"05/22/2022"
"293","Ukraine","Island class patrol boat P190 Slovyansk",0,1,0,0,1,"05/22/2022"
"294","Ukraine","K1Sh1 command and staff vehicle",1,0,0,0,1,"05/22/2022"
"295","Ukraine","KamAZ",4,2,0,1,7,"05/22/2022"
"296","Ukraine","Kozak-2",13,9,1,1,24,"05/22/2022"
"297","Ukraine","Kozak-2M1",2,1,0,0,3,"05/22/2022"
"298","Ukraine","KrAZ Cobra",2,2,0,0,4,"05/22/2022"
"299","Ukraine","KrAZ Cougar",2,1,0,0,3,"05/22/2022"
"300","Ukraine","KrAZ Spartan",0,5,0,0,5,"05/22/2022"
"301","Ukraine","KrAZ-255B",4,0,0,0,4,"05/22/2022"
"302","Ukraine","KrAZ-255B with excavator",1,0,0,0,1,"05/22/2022"
"303","Ukraine","KrAZ-260",2,1,0,0,3,"05/22/2022"
"304","Ukraine","KrAZ-5233",5,3,0,0,8,"05/22/2022"
"305","Ukraine","KrAZ-6322",11,1,0,1,13,"05/22/2022"
"306","Ukraine","KrAZ-MPV Shrek One",1,0,0,0,1,"05/22/2022"
"307","Ukraine","Krivak III class frigate 'Hetman Sahaydachniy'",0,1,0,0,1,"05/22/2022"
"308","Ukraine","Leleka-100 reconnaissance UAV",2,1,0,0,3,"05/22/2022"
"309","Ukraine","MAZ-537",1,1,0,0,2,"05/22/2022"
"310","Ukraine","MDK-3 trench-digging vehicle",1,0,0,0,1,"05/22/2022"
"311","Ukraine","MT-LB",2,2,1,0,5,"05/22/2022"
"312","Ukraine","MT-LB Ambulance",0,0,1,0,1,"05/22/2022"
"313","Ukraine","MT-LB with ZU-23 AA gun",2,1,0,0,3,"05/22/2022"
"314","Ukraine","MT-LBu",2,2,1,1,6,"05/22/2022"
"315","Ukraine","Mi-14 maritime helicopter",0,1,0,0,1,"05/22/2022"
"316","Ukraine","Mi-2 transport helicopter",1,0,0,0,1,"05/22/2022"
"317","Ukraine","Mi-24 attack helicopter",0,1,0,0,1,"05/22/2022"
"318","Ukraine","Mi-8 transport helicopter",0,4,0,0,4,"05/22/2022"
"319","Ukraine","MiG-29 fighter aircraft",0,5,0,0,5,"05/22/2022"
"320","Ukraine","Novator",3,2,0,1,6,"05/22/2022"
"321","Ukraine","P-14 'Tall King'",0,0,0,1,1,"05/22/2022"
"322","Ukraine","P-18 'Malakhit'",1,0,0,0,1,"05/22/2022"
"323","Ukraine","P-18 'Spoon Rest D'",1,0,0,0,1,"05/22/2022"
"324","Ukraine","P-19 'Flat Face B'",0,1,0,0,1,"05/22/2022"
"325","Ukraine","P-35/37 'Bar Lock'",0,1,0,0,1,"05/22/2022"
"326","Ukraine","PRV-11 'Side Net'",1,0,0,0,1,"05/22/2022"
"327","Ukraine","PRV-13 'Odd Pair'",0,1,0,0,1,"05/22/2022"
"328","Ukraine","Pontoon bridge",0,1,0,0,1,"05/22/2022"
"329","Ukraine","Pr.304 Amur Class command ship 'Donbas' ''U-500''",0,1,0,0,1,"05/22/2022"
"330","Ukraine","R-145BM1 command vehicle",1,0,0,0,1,"05/22/2022"
"331","Ukraine","R-410-7,5 tropospheric radio relay communication station",0,1,0,0,1,"05/22/2022"
"332","Ukraine","RKhM 'Kashalot'",1,1,0,0,2,"05/22/2022"
"333","Ukraine","SNAR-10 battlefield surveillance radar",1,0,0,0,1,"05/22/2022"
"334","Ukraine","Small patrol boats (Sea Guard)",7,0,0,1,8,"05/22/2022"
"335","Ukraine","Sorum class seagoing tugboat 'Korets' ''A830 or P186''",1,0,0,0,1,"05/22/2022"
"336","Ukraine","Spaitech Sparrow reconnaissance UAV",1,0,0,0,1,"05/22/2022"
"337","Ukraine","Stenka class patrol boat (Operated by the Sea Guard)",0,1,0,0,1,"05/22/2022"
"338","Ukraine","Su-24 strike aircraft",0,3,0,0,3,"05/22/2022"
"339","Ukraine","Su-25 attack aircraft",0,5,0,1,6,"05/22/2022"
"340","Ukraine","Su-27 fighter aircraft",0,3,0,0,3,"05/22/2022"
"341","Ukraine","Su-27/MiG-29 fighter aircraft",0,1,0,0,1,"05/22/2022"
"342","Ukraine","T-64B1M",2,0,0,0,2,"05/22/2022"
"343","Ukraine","T-64BM 'Bulat'",2,3,0,0,5,"05/22/2022"
"344","Ukraine","T-64BM2 'Bulat'",0,1,0,0,1,"05/22/2022"
"345","Ukraine","T-64BV",58,45,6,5,114,"05/22/2022"
"346","Ukraine","T-72 'Ural'",0,0,0,1,1,"05/22/2022"
"347","Ukraine","T-72AMT",3,4,0,0,7,"05/22/2022"
"348","Ukraine","T-72AV",0,3,0,0,3,"05/22/2022"
"349","Ukraine","T-72B",4,3,0,1,8,"05/22/2022"
"350","Ukraine","T-80BV",6,2,1,3,12,"05/22/2022"
"351","Ukraine","TMM-3M1 bridge layer",1,0,0,0,1,"05/22/2022"
"352","Ukraine","Triton",2,0,0,0,2,"05/22/2022"
"353","Ukraine","Tu-141 reconnaissance UAV (likely used as unmanned bait in order for Russia to reveal the location of air defence systems)",0,5,0,0,5,"05/22/2022"
"354","Ukraine","Tu-143 reconnaissance UAV (likely used as unmanned bait in order for Russia to reveal the location of air defence systems)",0,1,0,0,1,"05/22/2022"
"355","Ukraine","UAZ-452",2,0,0,0,2,"05/22/2022"
"356","Ukraine","UAZ-469",4,2,0,0,6,"05/22/2022"
"357","Ukraine","UJ-22 reconnaissance UAV",0,1,0,0,1,"05/22/2022"
"358","Ukraine","Unknown AFV",0,9,0,0,9,"05/22/2022"
"359","Ukraine","Unknown BTR",0,1,2,0,3,"05/22/2022"
"360","Ukraine","Unknown SPG",0,1,0,0,1,"05/22/2022"
"361","Ukraine","Unknown tank",0,11,0,0,11,"05/22/2022"
"362","Ukraine","Unknown towed artillery",0,4,0,2,6,"05/22/2022"
"363","Ukraine","Unknown truck",4,25,1,4,34,"05/22/2022"
"364","Ukraine","Unknown vehicle",0,15,0,0,15,"05/22/2022"
"365","Ukraine","Ural-375D",18,4,0,0,22,"05/22/2022"
"366","Ukraine","Ural-4320",6,8,0,1,15,"05/22/2022"
"367","Ukraine","Varta",12,2,0,0,14,"05/22/2022"
"368","Ukraine","Vepr AFV",2,0,0,0,2,"05/22/2022"
"369","Ukraine","Vepr MRAP",1,0,0,0,1,"05/22/2022"
"370","Ukraine","Weaponised VTOL UAV",0,1,0,0,1,"05/22/2022"
"371","Ukraine","ZSU-23-4 'Shilka'",2,0,0,0,2,"05/22/2022"
"372","Ukraine","Zhuk class patrol boat (Sea Guard)",2,0,0,0,2,"05/22/2022"
"373","Ukraine","ZiL-130",0,1,0,0,1,"05/22/2022"
"374","Ukraine","ZiL-131",33,19,2,0,54,"05/22/2022"
"375","Ukraine","ZiL-157",1,0,0,0,1,"05/22/2022"
