"","country","system","abandoned","captured","damaged","destroyed","total","Date"
"1","Russia","-BMD 2.00",7,28,2,23,60,"2022-03-28"
"2","Russia","(Unknown) vehicle",0,1,0,11,12,"2022-03-28"
"3","Russia","100mm MT-12 anti-tank gun",0,1,0,0,1,"2022-03-28"
"4","Russia","120mm 2B11/2S12",0,5,0,0,5,"2022-03-28"
"5","Russia","120mm 2B11/2S12A",0,1,0,0,1,"2022-03-28"
"6","Russia","120mm 2B16 Nona-K howitzer",2,1,0,0,3,"2022-03-28"
"7","Russia","120mm 2S23 Nona-SVK",0,9,0,0,9,"2022-03-28"
"8","Russia","120mm 2S34 Khosta",0,1,0,0,1,"2022-03-28"
"9","Russia","120mm 2S9 Nona",1,4,0,2,7,"2022-03-28"
"10","Russia","122mm 2B17 Tornado-G",0,0,0,2,2,"2022-03-28"
"11","Russia","122mm 2S1 Gvozdika",1,3,0,2,6,"2022-03-28"
"12","Russia","122mm BM-21 'Grad'",6,12,2,11,31,"2022-03-28"
"13","Russia","122mm D-30 howitzer 2A18",3,5,0,1,9,"2022-03-28"
"14","Russia","152mm 2A65 Msta-B howitzer",1,3,2,4,10,"2022-03-28"
"15","Russia","152mm 2S19 Msta-S",10,9,0,8,27,"2022-03-28"
"16","Russia","152mm 2S3 Akatsiya",6,2,2,6,16,"2022-03-28"
"17","Russia","152mm 2S33 Msta-SM2",0,3,0,0,3,"2022-03-28"
"18","Russia","1L261 (for 1L260 Zoopark-1M counter-battery radar complex)",0,1,0,0,1,"2022-03-28"
"19","Russia","1RL257 Krasukha-4 command post",0,1,0,0,1,"2022-03-28"
"20","Russia","1V119 artillery fire direction vehicle",0,5,0,1,6,"2022-03-28"
"21","Russia","1V13 battery fire control center",3,2,0,1,6,"2022-03-28"
"22","Russia","1V14 battery command and forward observer vehicle",1,1,0,0,2,"2022-03-28"
"23","Russia","220mm BM-27 'Uragan'",0,2,0,3,5,"2022-03-28"
"24","Russia","220mm TOS-1A",1,1,0,0,2,"2022-03-28"
"25","Russia","23mm ZU-23",0,3,0,0,3,"2022-03-28"
"26","Russia","2K22M1 Tunguska",5,0,1,2,8,"2022-03-28"
"27","Russia","2S1 with ZU-23 AA gun",0,1,0,0,1,"2022-03-28"
"28","Russia","9A310M1 TELAR (for Buk-M1-2)",0,0,1,2,3,"2022-03-28"
"29","Russia","9A310M2 TELAR (for Buk-M2)",0,0,0,5,5,"2022-03-28"
"30","Russia","9A330 Tor TLAR (for 9K330 Tor-M)",2,2,1,0,5,"2022-03-28"
"31","Russia","9A331 TLAR (for 9K331 Tor-M1)",1,1,0,4,6,"2022-03-28"
"32","Russia","9A331M TLAR (for 9K332 Tor-M2)",0,2,0,1,3,"2022-03-28"
"33","Russia","9A39M1 TEL (for Buk-M1-2)",0,0,0,2,2,"2022-03-28"
"34","Russia","9A39M2 TEL (for Buk-M2)",0,0,0,2,2,"2022-03-28"
"35","Russia","9K33 Osa",2,2,1,2,7,"2022-03-28"
"36","Russia","9K333 Verba",0,1,0,0,1,"2022-03-28"
"37","Russia","9K35 Strela-10",3,3,0,0,6,"2022-03-28"
"38","Russia","9K38 Igla",0,4,0,0,4,"2022-03-28"
"39","Russia","9M111 Fagot",0,3,0,0,3,"2022-03-28"
"40","Russia","9M113 Konkurs",0,14,0,0,14,"2022-03-28"
"41","Russia","9M113M Konkurs-M",0,1,0,0,1,"2022-03-28"
"42","Russia","9M114 Kokon",2,0,0,0,2,"2022-03-28"
"43","Russia","9P149 Shturm-S ATGM carrier",2,2,0,3,7,"2022-03-28"
"44","Russia","9S18М1(-3) (for Buk-M3)",0,0,0,1,1,"2022-03-28"
"45","Russia","9S470M1 (or variant thereof) command post (for Buk-M1/2)",0,0,0,1,1,"2022-03-28"
"46","Russia","9T217 transloader (for 9K33 Osa)",0,1,0,1,2,"2022-03-28"
"47","Russia","9T452 transporter-loader (for BM-27 'Uragan' MRL)",0,0,0,2,2,"2022-03-28"
"48","Russia","9М131 Metis-M",0,2,0,0,2,"2022-03-28"
"49","Russia","9М131F Metis-M1",0,1,0,0,1,"2022-03-28"
"50","Russia","9М133 Kornet",0,1,0,0,1,"2022-03-28"
"51","Russia","An-26 transport aircraft",0,0,0,1,1,"2022-03-28"
"52","Russia","Armoured SUV",0,1,1,0,2,"2022-03-28"
"53","Russia","Barnaul-T 9С932-1 automated system for air defence units",1,3,0,0,4,"2022-03-28"
"54","Russia","BAT-2 heavy engineering vehicle",0,0,0,1,1,"2022-03-28"
"55","Russia","BMD-1KSh-A command vehicle",0,0,0,1,1,"2022-03-28"
"56","Russia","BMD-4M",1,9,0,5,15,"2022-03-28"
"57","Russia","BMK-130M/BMK-150 towing and motor boat",1,0,0,0,1,"2022-03-28"
"58","Russia","BMP-1(P)",0,11,1,11,23,"2022-03-28"
"59","Russia","BMP-1Khs",1,0,0,1,2,"2022-03-28"
"60","Russia","BMP-2",13,27,7,63,110,"2022-03-28"
"61","Russia","BMP-2K",1,0,0,0,1,"2022-03-28"
"62","Russia","BMP-3",1,16,1,24,42,"2022-03-28"
"63","Russia","BRDM-2",0,0,0,1,1,"2022-03-28"
"64","Russia","BREM-1 armoured recovery vehicle",0,2,0,0,2,"2022-03-28"
"65","Russia","BREM-Ch ''BREM-4'' armoured recovery vehicle",0,1,0,1,2,"2022-03-28"
"66","Russia","BREM-K armoured recovery vehicle",0,2,0,0,2,"2022-03-28"
"67","Russia","BRM-1K",0,0,0,6,6,"2022-03-28"
"68","Russia","BTR-80",6,26,1,19,52,"2022-03-28"
"69","Russia","BTR-82A",8,16,3,31,58,"2022-03-28"
"70","Russia","BTR-D",11,14,0,6,31,"2022-03-28"
"71","Russia","BTR-D APC with UR-67 mine clearing charge",0,1,0,0,1,"2022-03-28"
"72","Russia","BTR-MDM 'Rakushka'",0,5,1,0,6,"2022-03-28"
"73","Russia","BTR-ZD 'Skrezhet'",0,1,0,0,1,"2022-03-28"
"74","Russia","Civilian KamAZ 6x6 converted for military use",0,0,0,1,1,"2022-03-28"
"75","Russia","E95M target drone (likely used as unmanned bait in order for Ukraine to reveal the location of air defence systems)",0,1,0,0,1,"2022-03-28"
"76","Russia","Eleron-3 reconnaissance UAV",0,3,0,0,3,"2022-03-28"
"77","Russia","Fara ground surveillance radar",0,1,0,0,1,"2022-03-28"
"78","Russia","Forpost reconnaissance UAV",0,0,0,1,1,"2022-03-28"
"79","Russia","Fuel train",0,0,0,2,2,"2022-03-28"
"80","Russia","GAZ Sobol",1,0,0,1,2,"2022-03-28"
"81","Russia","GAZ Tigr",1,0,0,0,1,"2022-03-28"
"82","Russia","GAZ Tigr-M",3,18,4,24,49,"2022-03-28"
"83","Russia","GAZ-3308",3,0,0,0,3,"2022-03-28"
"84","Russia","GAZ-66",1,4,0,3,8,"2022-03-28"
"85","Russia","GMZ-3 minelayer",0,1,0,0,1,"2022-03-28"
"86","Russia","IMR-2 combat engineering vehicle",2,3,0,1,6,"2022-03-28"
"87","Russia","Iveco LMV 'Rys'",1,2,2,13,18,"2022-03-28"
"88","Russia","K-53949 'Linza'",0,1,0,0,1,"2022-03-28"
"89","Russia","K-53949 Typhoon-K",1,2,0,1,4,"2022-03-28"
"90","Russia","Ka-52 'Alligator' attack helicopter",2,0,3,4,9,"2022-03-28"
"91","Russia","KamAZ 4x4",1,2,0,2,5,"2022-03-28"
"92","Russia","KamAZ 6x6",20,74,14,97,205,"2022-03-28"
"93","Russia","KamAZ 8x8",0,0,0,2,2,"2022-03-28"
"94","Russia","KamAZ Avtozaks",1,1,0,3,5,"2022-03-28"
"95","Russia","KamAZ with armoured cabin",2,2,0,1,5,"2022-03-28"
"96","Russia","KamAZ-5350 with crane",0,0,0,1,1,"2022-03-28"
"97","Russia","KamAZ-5350 with EOV-3523 excavator",0,3,0,2,5,"2022-03-28"
"98","Russia","KamAZ-5350 with KS-45719-7M crane",0,0,0,2,2,"2022-03-28"
"99","Russia","KamAZ-6350 8x8 artillery tractor",0,0,2,3,5,"2022-03-28"
"100","Russia","KamAZ-63968 'Typhoon'",2,2,0,4,8,"2022-03-28"
"101","Russia","KrAZ-22B",0,1,0,1,2,"2022-03-28"
"102","Russia","Mi-24V/P attack helicopter",0,0,0,3,3,"2022-03-28"
"103","Russia","Mi-28 attack helicopter",0,0,0,1,1,"2022-03-28"
"104","Russia","Mi-35M attack helicopter",0,0,0,4,4,"2022-03-28"
"105","Russia","Mi-8 transport helicopter",1,0,0,5,6,"2022-03-28"
"106","Russia","MP-2IM signals vehicle",1,0,0,0,1,"2022-03-28"
"107","Russia","MT-LB",19,58,0,30,107,"2022-03-28"
"108","Russia","MT-LB Ambulance",0,0,0,1,1,"2022-03-28"
"109","Russia","MT-LB with ZU-23 AA gun",0,0,0,3,3,"2022-03-28"
"110","Russia","MT-LBM 6MB",1,0,0,0,1,"2022-03-28"
"111","Russia","MT-LBu",4,7,0,6,17,"2022-03-28"
"112","Russia","MTU-72 bridge layer",0,1,0,0,1,"2022-03-28"
"113","Russia","Orlan-10 reconnaissance UAV",0,3,0,5,8,"2022-03-28"
"114","Russia","P-260-U signal vehicle (for Redut-2US signal and communications system)",0,2,0,2,4,"2022-03-28"
"115","Russia","Pantsir-S1",1,3,0,3,7,"2022-03-28"
"116","Russia","PMP floating bridge",0,0,0,2,2,"2022-03-28"
"117","Russia","Pontoon bridge",0,1,0,2,3,"2022-03-28"
"118","Russia","Project 03160 Raptor class patrol boat",0,0,1,0,1,"2022-03-28"
"119","Russia","Project 1171 Tapir class landing ship 'Saratov (BDK-65)'",0,0,0,1,1,"2022-03-28"
"120","Russia","Project 775 Ropucha class landing ship",0,0,1,0,1,"2022-03-28"
"121","Russia","PTS-3 tracked amphibious transport",2,0,0,0,2,"2022-03-28"
"122","Russia","R-149MA1 command and staff vehicle",3,6,1,4,14,"2022-03-28"
"123","Russia","R-149MA3 command and staff vehicle",0,5,2,5,12,"2022-03-28"
"124","Russia","R-166-0.5 signals vehicle",1,1,0,1,3,"2022-03-28"
"125","Russia","R-330BMV Borisoglebsk-2B",0,1,1,1,3,"2022-03-28"
"126","Russia","R-330ZH Zhitel",0,0,0,1,1,"2022-03-28"
"127","Russia","R-419L1 communications station",1,0,0,0,1,"2022-03-28"
"128","Russia","REM-KL armoured recovery vehicle",0,1,0,0,1,"2022-03-28"
"129","Russia","Su-25 close air support aircraft",0,0,1,7,8,"2022-03-28"
"130","Russia","Su-30SM multirole aircraft",0,0,0,4,4,"2022-03-28"
"131","Russia","Su-34 strike aircraft",0,0,0,4,4,"2022-03-28"
"132","Russia","T-64BV",0,2,1,5,8,"2022-03-28"
"133","Russia","T-72A",0,7,0,2,9,"2022-03-28"
"134","Russia","T-72AV",0,1,0,3,4,"2022-03-28"
"135","Russia","T-72B",6,25,3,19,53,"2022-03-28"
"136","Russia","T-72B Obr. 1989",4,6,2,7,19,"2022-03-28"
"137","Russia","T-72B3",5,15,3,14,37,"2022-03-28"
"138","Russia","T-72B3 Obr. 2016",7,35,2,34,78,"2022-03-28"
"139","Russia","T-80BV",2,5,0,4,11,"2022-03-28"
"140","Russia","T-80BVM",1,13,0,5,19,"2022-03-28"
"141","Russia","T-80U",14,22,2,8,46,"2022-03-28"
"142","Russia","T-80UK",1,1,0,1,3,"2022-03-28"
"143","Russia","T-80UM2",0,0,0,1,1,"2022-03-28"
"144","Russia","T-90A",4,7,0,10,21,"2022-03-28"
"145","Russia","TMM-3 bridge layer",3,7,2,1,13,"2022-03-28"
"146","Russia","Torn(-MDM)",0,1,0,0,1,"2022-03-28"
"147","Russia","TZM-T reloader vehicle (for TOS-1A)",2,2,0,2,6,"2022-03-28"
"148","Russia","UAZ Patriot",1,0,1,0,2,"2022-03-28"
"149","Russia","UAZ-23632",0,2,0,0,2,"2022-03-28"
"150","Russia","UAZ-452",0,1,0,3,4,"2022-03-28"
"151","Russia","UAZ-469",1,1,0,3,5,"2022-03-28"
"152","Russia","Unknown AFV",2,1,0,25,28,"2022-03-28"
"153","Russia","Unknown BMP-1/2",0,0,0,4,4,"2022-03-28"
"154","Russia","Unknown BTR-80/BTR-82A",0,0,0,4,4,"2022-03-28"
"155","Russia","Unknown BTR-D/BMD-2",0,1,0,12,13,"2022-03-28"
"156","Russia","Unknown communications station",0,0,0,1,1,"2022-03-28"
"157","Russia","Unknown communications station based on the KamAZ 6x6",0,1,1,0,2,"2022-03-28"
"158","Russia","Unknown helicopter",0,0,1,2,3,"2022-03-28"
"159","Russia","Unknown Mi-24/35 attack helicopter",0,0,1,2,3,"2022-03-28"
"160","Russia","Unknown tank",2,1,3,29,35,"2022-03-28"
"161","Russia","Unknown truck",2,8,4,49,63,"2022-03-28"
"162","Russia","UR-77 'Meterorit' mine clearing vehicle",1,5,0,2,8,"2022-03-28"
"163","Russia","Ural Federal",3,0,0,3,6,"2022-03-28"
"164","Russia","Ural-375D",0,0,0,1,1,"2022-03-28"
"165","Russia","Ural-4320",16,65,4,77,162,"2022-03-28"
"166","Russia","Ural-4320 KET-L",0,1,1,0,2,"2022-03-28"
"167","Russia","Ural-4320 KT-L",0,2,0,1,3,"2022-03-28"
"168","Russia","Ural-4320 with crane",0,0,0,1,1,"2022-03-28"
"169","Russia","Ural-43206",2,10,0,5,17,"2022-03-28"
"170","Russia","Ural-542301 tank transporter",1,0,0,0,1,"2022-03-28"
"171","Russia","Ural-63704-0010 Tornado-U",1,1,0,0,2,"2022-03-28"
"172","Russia","Vityaz DT-30 articulated tracked carrier",1,0,0,1,2,"2022-03-28"
"173","Russia","ZALA Aero KUB-BLA loitering munition",0,0,0,4,4,"2022-03-28"
"174","Russia","ZiL-131",2,0,0,3,5,"2022-03-28"
"175","Ukraine","100mm MT-12 anti-tank gun",1,2,0,1,4,"2022-03-28"
"176","Ukraine","120mm BTR-3M2",0,1,0,1,2,"2022-03-28"
"177","Ukraine","122mm 2S1 Gvozdika",1,4,1,5,11,"2022-03-28"
"178","Ukraine","122mm BM-21 'Grad'",0,2,0,1,3,"2022-03-28"
"179","Ukraine","122mm D-30 howitzer",0,0,0,1,1,"2022-03-28"
"180","Ukraine","152mm 2A36 Giatsint-B field-gun",1,0,0,0,1,"2022-03-28"
"181","Ukraine","152mm 2A65 Msta-B howitzer",2,0,0,0,2,"2022-03-28"
"182","Ukraine","152mm 2S3 Akatsiya",0,1,0,0,1,"2022-03-28"
"183","Ukraine","152mm 2S5 Giatsint-S",0,1,0,0,1,"2022-03-28"
"184","Ukraine","1L22 'Parol'",0,0,1,1,2,"2022-03-28"
"185","Ukraine","1V18 'Klyon-1' artillery command and forward observer vehicle",0,1,0,0,1,"2022-03-28"
"186","Ukraine","203mm 2S7 Pion",0,1,1,0,2,"2022-03-28"
"187","Ukraine","220mm BM-27 'Uragan'",0,2,0,0,2,"2022-03-28"
"188","Ukraine","23mm ZU-23",0,2,0,0,2,"2022-03-28"
"189","Ukraine","30N6 'Flap Lid'",0,0,0,1,1,"2022-03-28"
"190","Ukraine","36D6 'Tin Shield'",0,0,0,1,1,"2022-03-28"
"191","Ukraine","5P85D (launcher for S-300PS)",0,0,0,2,2,"2022-03-28"
"192","Ukraine","5P85S (launcher for S-300PS)",1,0,0,2,3,"2022-03-28"
"193","Ukraine","9K310 Igla-1",0,5,0,0,5,"2022-03-28"
"194","Ukraine","9K33 Osa",0,3,0,8,11,"2022-03-28"
"195","Ukraine","9K35 Strela-10",1,1,1,1,4,"2022-03-28"
"196","Ukraine","9K38 Igla",0,3,0,0,3,"2022-03-28"
"197","Ukraine","9M111 Fagot",0,2,0,0,2,"2022-03-28"
"198","Ukraine","9M113 Konkurs",0,2,0,0,2,"2022-03-28"
"199","Ukraine","9P148 Konkurs ATGM carrier",0,1,0,3,4,"2022-03-28"
"200","Ukraine","9T217 transloader (for 9K33 Osa)",0,0,0,1,1,"2022-03-28"
"201","Ukraine","9T452 transporter-loader (for BM-27 'Uragan' MRL)",0,0,0,1,1,"2022-03-28"
"202","Ukraine","A1-SM Fury reconnaissance UAV",0,0,0,1,1,"2022-03-28"
"203","Ukraine","An-26 transport aircraft",0,0,0,1,1,"2022-03-28"
"204","Ukraine","AN/TPQ-36 lightweight counter mortar radar",0,0,1,0,1,"2022-03-28"
"205","Ukraine","AN/TPQ-49 lightweight counter mortar antenna",0,1,0,0,1,"2022-03-28"
"206","Ukraine","AN/TPQ-49 lightweight counter mortar radar",0,1,0,0,1,"2022-03-28"
"207","Ukraine","AT105A 'Saxon'",0,2,0,0,2,"2022-03-28"
"208","Ukraine","BAT-2 heavy engineering vehicle",0,1,0,0,1,"2022-03-28"
"209","Ukraine","Bayraktar TB2 UCAV",0,0,0,1,1,"2022-03-28"
"210","Ukraine","BMK-150 towing and motor boat",0,1,0,0,1,"2022-03-28"
"211","Ukraine","BMP-1 BM",0,0,0,1,1,"2022-03-28"
"212","Ukraine","BMP-1(P)",6,5,1,14,26,"2022-03-28"
"213","Ukraine","BMP-1Khs",0,0,0,1,1,"2022-03-28"
"214","Ukraine","BMP-1TS",0,0,0,1,1,"2022-03-28"
"215","Ukraine","BMP-2",1,1,1,1,4,"2022-03-28"
"216","Ukraine","BRDM-2",8,18,0,6,32,"2022-03-28"
"217","Ukraine","BREM-1 ARV",0,1,0,0,1,"2022-03-28"
"218","Ukraine","BRM-1K",0,3,1,0,4,"2022-03-28"
"219","Ukraine","BSEM-4K",0,0,0,1,1,"2022-03-28"
"220","Ukraine","BTR-3",0,2,0,2,4,"2022-03-28"
"221","Ukraine","BTR-4",2,13,1,8,24,"2022-03-28"
"222","Ukraine","BTR-60",0,4,0,0,4,"2022-03-28"
"223","Ukraine","BTR-70",1,6,0,1,8,"2022-03-28"
"224","Ukraine","BTR-80",0,7,0,4,11,"2022-03-28"
"225","Ukraine","Buk-M1",0,0,0,2,2,"2022-03-28"
"226","Ukraine","FGM-148 Javelin",0,5,0,0,5,"2022-03-28"
"227","Ukraine","GAZ-3308",0,1,0,0,1,"2022-03-28"
"228","Ukraine","GAZ-66",3,18,3,10,34,"2022-03-28"
"229","Ukraine","Gyurza-M class gunboat",0,2,0,0,2,"2022-03-28"
"230","Ukraine","HMMWV",0,2,1,1,4,"2022-03-28"
"231","Ukraine","Island class patrol boat P190 Slovyansk",0,0,0,1,1,"2022-03-28"
"232","Ukraine","Island-class patrol boat P190 Slovyansk",0,0,0,1,1,"2022-03-28"
"233","Ukraine","KamAZ",0,1,1,2,4,"2022-03-28"
"234","Ukraine","Kozak-2",1,5,1,1,8,"2022-03-28"
"235","Ukraine","Kozak-2M1",0,1,0,0,1,"2022-03-28"
"236","Ukraine","KrAZ Cobra",0,1,0,1,2,"2022-03-28"
"237","Ukraine","KrAZ Spartan",0,0,0,1,1,"2022-03-28"
"238","Ukraine","KrAZ-255B",0,4,0,0,4,"2022-03-28"
"239","Ukraine","KrAZ-260",0,1,0,0,1,"2022-03-28"
"240","Ukraine","KrAZ-5233",0,4,0,0,4,"2022-03-28"
"241","Ukraine","KrAZ-6322",0,8,1,1,10,"2022-03-28"
"242","Ukraine","Krivak III class frigate 'Hetman Sahaydachniy'",0,0,0,1,1,"2022-03-28"
"243","Ukraine","Leleka-100 reconnaissance UAV",0,2,0,0,2,"2022-03-28"
"244","Ukraine","MAZ",2,2,1,9,14,"2022-03-28"
"245","Ukraine","MAZ-537",0,1,0,1,2,"2022-03-28"
"246","Ukraine","MBT LAW 'NLAW'",0,8,0,0,8,"2022-03-28"
"247","Ukraine","MDK-3 trench-digging vehicle",0,1,0,0,1,"2022-03-28"
"248","Ukraine","Mi-24 attack helicopter",0,0,0,1,1,"2022-03-28"
"249","Ukraine","MiG-29 fighter aircraft",0,0,0,3,3,"2022-03-28"
"250","Ukraine","MT-LB",1,2,0,2,5,"2022-03-28"
"251","Ukraine","MT-LB Ambulance",1,0,0,0,1,"2022-03-28"
"252","Ukraine","MT-LB with ZU-23 AA gun",0,1,0,0,1,"2022-03-28"
"253","Ukraine","MT-LBu",1,2,1,2,6,"2022-03-28"
"254","Ukraine","Novator",0,2,1,2,5,"2022-03-28"
"255","Ukraine","P-14 'Tall King'",0,0,1,0,1,"2022-03-28"
"256","Ukraine","P-19 'Flat Face B'",0,0,0,1,1,"2022-03-28"
"257","Ukraine","P-35/37 'Bar Lock'",0,0,0,1,1,"2022-03-28"
"258","Ukraine","PRV-13 'Odd Pair'",0,0,0,1,1,"2022-03-28"
"259","Ukraine","RK-3 Corsar",0,3,0,0,3,"2022-03-28"
"260","Ukraine","RKhM 'Kashalot'",0,1,0,0,1,"2022-03-28"
"261","Ukraine","Small patrol boats (Sea Guard)",0,6,0,0,6,"2022-03-28"
"262","Ukraine","SNAR-10 battlefield surveillance radar",0,1,0,0,1,"2022-03-28"
"263","Ukraine","Sorum class seagoing tugboat 'Korets' ''A830 or P186''",0,1,0,0,1,"2022-03-28"
"264","Ukraine","Sorum-class seagoing tugboat 'Korets' ''A830 or P186''",0,1,0,0,1,"2022-03-28"
"265","Ukraine","Su-25 attack aircraft",0,0,1,4,5,"2022-03-28"
"266","Ukraine","Su-27 fighter aircraft",0,0,0,3,3,"2022-03-28"
"267","Ukraine","T-64B1M",1,0,1,0,2,"2022-03-28"
"268","Ukraine","T-64BV",7,27,2,23,59,"2022-03-28"
"269","Ukraine","T-72AMT",0,2,0,1,3,"2022-03-28"
"270","Ukraine","T-72AV",0,0,0,2,2,"2022-03-28"
"271","Ukraine","T-72B",0,2,0,1,3,"2022-03-28"
"272","Ukraine","T-80BV",1,2,1,0,4,"2022-03-28"
"273","Ukraine","TMM-3M1 bridge layer",0,1,0,0,1,"2022-03-28"
"274","Ukraine","Tu-141 reconnaissance UAV",0,0,0,4,4,"2022-03-28"
"275","Ukraine","UAZ-452",0,2,0,0,2,"2022-03-28"
"276","Ukraine","UAZ-469",0,4,0,0,4,"2022-03-28"
"277","Ukraine","UJ-22 reconnaissance UAV",0,0,0,1,1,"2022-03-28"
"278","Ukraine","Unknown AFV",0,0,0,7,7,"2022-03-28"
"279","Ukraine","Unknown BTR",1,0,0,0,1,"2022-03-28"
"280","Ukraine","Unknown tank",0,0,0,1,1,"2022-03-28"
"281","Ukraine","Unknown towed artillery",0,0,2,4,6,"2022-03-28"
"282","Ukraine","Unknown truck",2,4,4,13,23,"2022-03-28"
"283","Ukraine","Unknown vehicle",0,0,0,4,4,"2022-03-28"
"284","Ukraine","Ural-375D",0,14,0,1,15,"2022-03-28"
"285","Ukraine","Ural-4320",0,1,0,6,7,"2022-03-28"
"286","Ukraine","Varta",0,10,0,2,12,"2022-03-28"
"287","Ukraine","Vepr MRAP",0,1,0,0,1,"2022-03-28"
"288","Ukraine","Zhuk class patrol boat (Sea Guard)",0,2,0,0,2,"2022-03-28"
"289","Ukraine","ZiL-130",0,0,0,1,1,"2022-03-28"
"290","Ukraine","ZiL-131",2,27,0,7,36,"2022-03-28"
"291","Ukraine","ZiL-157",0,1,0,0,1,"2022-03-28"
"292","Ukraine","ZSU-23-4 'Shilka'",0,1,0,0,1,"2022-03-28"
