"","country","system","captured","abandoned","destroyed","damaged","total","Date"
"1","Russia","120mm 2B11/2S12",2,0,0,0,2,2022-03-06
"2","Russia","120mm 2B11/2S12A",1,0,0,0,1,2022-03-06
"3","Russia","120mm 2S9 Nona",1,1,1,0,3,2022-03-06
"4","Russia","122mm 2B17 Tornado-G",0,0,1,0,1,2022-03-06
"5","Russia","122mm 2S1 Gvozdika",0,1,0,0,1,2022-03-06
"6","Russia","122mm BM-21 'Grad'",6,2,4,1,13,2022-03-06
"7","Russia","122mm D-30 howitzer 2A18",2,3,1,0,6,2022-03-06
"8","Russia","152mm 2A65 Msta-B howitzer",2,0,3,1,6,2022-03-06
"9","Russia","152mm 2S19 Msta-S",3,5,1,0,9,2022-03-06
"10","Russia","152mm 2S3 Akatsiya",1,2,1,0,4,2022-03-06
"11","Russia","1V119 artillery battalion fire direction vehicle",1,0,0,0,1,2022-03-06
"12","Russia","1V13 battery fire control center",0,1,0,0,1,2022-03-06
"13","Russia","220mm TOS-1A",1,0,0,0,1,2022-03-06
"14","Russia","2K22M1 Tunguska",0,4,2,1,7,2022-03-06
"15","Russia","2S1 with ZU-23 AA gun",1,0,0,0,1,2022-03-06
"16","Russia","9A310M1 TELAR (for Buk-M1-2)",0,0,1,1,2,2022-03-06
"17","Russia","9A310M2 TELAR (for Buk-M2)",0,0,1,0,1,2022-03-06
"18","Russia","9A330 Tor TLAR (for 9K330 Tor-M)",2,0,0,0,2,2022-03-06
"19","Russia","9A331 TLAR (for 9K331 Tor-M1)",1,0,0,0,1,2022-03-06
"20","Russia","9A331M TLAR (for 9K332 Tor-M2)",0,0,1,0,1,2022-03-06
"21","Russia","9A331MU TLAR (for 9K332MU Tor-M2U)",0,0,1,0,1,2022-03-06
"22","Russia","9A39M1 TEL (for Buk-M1-2)",0,0,1,0,1,2022-03-06
"23","Russia","9A39M2 TEL (for Buk-M2)",0,0,1,0,1,2022-03-06
"24","Russia","9K33 Osa",2,1,1,0,4,2022-03-06
"25","Russia","9K333 Verba",2,0,0,0,2,2022-03-06
"26","Russia","9K35 Strela-10",1,3,0,0,4,2022-03-06
"27","Russia","9K38 Igla",2,0,0,0,2,2022-03-06
"28","Russia","9M111 Fagot",3,0,0,0,3,2022-03-06
"29","Russia","9M113 Konkurs",13,0,0,0,13,2022-03-06
"30","Russia","9M113M Konkurs-M",1,0,0,0,1,2022-03-06
"31","Russia","9M114 Kokon",1,0,0,0,1,2022-03-06
"32","Russia","9P149 Shturm-S ATGM carrier",0,1,1,0,2,2022-03-06
"33","Russia","9S18М1(-1) (for Buk-M1-2)",0,0,1,0,1,2022-03-06
"34","Russia","9T452 transporter-loader (for BM-27 'Uragan' MRL)",0,0,1,0,1,2022-03-06
"35","Russia","9М131F Metis-M1",1,0,0,0,1,2022-03-06
"36","Russia","An-26 transport aircraft",0,0,1,0,1,2022-03-06
"37","Russia","Barnaul-T 9С932-1 automated system for air defence units",1,1,0,0,2,2022-03-06
"38","Russia","BAT-2 heavy engineering vehicle",0,0,1,0,1,2022-03-06
"39","Russia","BMD-2",18,5,10,2,35,2022-03-06
"40","Russia","BMD-4M",3,1,1,0,5,2022-03-06
"41","Russia","BMP-1(P)",3,0,4,0,7,2022-03-06
"42","Russia","BMP-1Khs",0,1,0,0,1,2022-03-06
"43","Russia","BMP-2",13,12,18,5,48,2022-03-06
"44","Russia","BMP-2K",0,1,0,0,1,2022-03-06
"45","Russia","BMP-3",7,0,4,1,12,2022-03-06
"46","Russia","BREM-1 armoured recovery vehicle",1,0,0,0,1,2022-03-06
"47","Russia","BREM-K armoured recovery vehicle",2,0,0,0,2,2022-03-06
"48","Russia","BRM-1K",0,0,3,0,3,2022-03-06
"49","Russia","BTR-80",13,2,7,1,23,2022-03-06
"50","Russia","BTR-82A",7,5,5,2,19,2022-03-06
"51","Russia","BTR-D",9,8,5,0,22,2022-03-06
"52","Russia","BTR-MDM 'Rakusha'",3,0,0,0,3,2022-03-06
"53","Russia","E95M (likely used as unmanned bait in order for Ukraine to reveal the location of air defence systems)",1,0,0,0,1,2022-03-06
"54","Russia","Fuel train",0,0,2,0,2,2022-03-06
"55","Russia","GAZ Sobol",0,1,1,0,2,2022-03-06
"56","Russia","GAZ Tigr-M",10,1,14,1,26,2022-03-06
"57","Russia","GAZ-3308",0,2,0,0,2,2022-03-06
"58","Russia","GAZ-66",1,0,0,0,1,2022-03-06
"59","Russia","GMZ-3 minelater",1,0,0,0,1,2022-03-06
"60","Russia","IMR-2 combat engineering vehicle",0,0,1,0,1,2022-03-06
"61","Russia","Iveco LMV 'Rys'",1,1,4,0,6,2022-03-06
"62","Russia","K-4386 Typhoon-VDV",0,0,1,0,1,2022-03-06
"63","Russia","Ka-52 'Alligator' attack helicopter",0,2,0,2,4,2022-03-06
"64","Russia","KamAZ 6x6",27,12,49,3,91,2022-03-06
"65","Russia","KamAZ Avtozaks",1,0,2,0,3,2022-03-06
"66","Russia","KamAZ with armoured cabin",0,1,1,0,2,2022-03-06
"67","Russia","KamAZ-5350 with crane",0,0,1,0,1,2022-03-06
"68","Russia","KamAZ-5350 with EOV-3523 excavator",3,0,1,0,4,2022-03-06
"69","Russia","KamAZ-5350 with KS-45719-7M crane",0,0,1,0,1,2022-03-06
"70","Russia","KamAZ-6350 8x8 artillery tractor",2,0,2,2,6,2022-03-06
"71","Russia","KamAZ-63968 Typhoon",2,0,1,0,3,2022-03-06
"72","Russia","Mi-24 attack helicopter",0,0,1,0,1,2022-03-06
"73","Russia","Mi-35M attack helicopter",0,0,2,0,2,2022-03-06
"74","Russia","Mi-8 transport helicopter",0,0,2,0,2,2022-03-06
"75","Russia","MP-2IM signals vehicle",0,1,0,0,1,2022-03-06
"76","Russia","MT-LB",27,7,8,0,42,2022-03-06
"77","Russia","MT-LB with ZU-23 AA gun",0,0,2,0,2,2022-03-06
"78","Russia","MT-LBM 6MB",0,1,0,0,1,2022-03-06
"79","Russia","MT-LBu",2,3,3,0,8,2022-03-06
"80","Russia","Orlan-10",0,0,1,0,1,2022-03-06
"81","Russia","Pantsir-S1",2,0,1,0,3,2022-03-06
"82","Russia","PMP floating bridge",0,2,2,0,4,2022-03-06
"83","Russia","PTS-3 tracked amphibious transport",0,2,0,0,2,2022-03-06
"84","Russia","R-149MA1 unified command and staff vehicle",3,2,1,1,7,2022-03-06
"85","Russia","R-166-0.5 signals vehicle",0,1,1,0,2,2022-03-06
"86","Russia","R-330BMV Borisoglebsk-2B",0,0,0,1,1,2022-03-06
"87","Russia","R-419L1 communications station",0,1,0,0,1,2022-03-06
"88","Russia","REM-KL armoured recovery vehicle",1,0,0,0,1,2022-03-06
"89","Russia","Su-25 close air support aircraft",0,0,4,0,4,2022-03-06
"90","Russia","Su-30SM multirole aircraft",0,0,2,0,2,2022-03-06
"91","Russia","Su-34 strike aircraft",0,0,3,0,3,2022-03-06
"92","Russia","T-64BV",0,0,0,1,1,2022-03-06
"93","Russia","T-72A",1,0,0,0,1,2022-03-06
"94","Russia","T-72AV",1,0,0,0,1,2022-03-06
"95","Russia","T-72B",9,3,6,3,21,2022-03-06
"96","Russia","T-72B Obr. 1989",1,1,0,0,2,2022-03-06
"97","Russia","T-72B3",2,2,3,1,8,2022-03-06
"98","Russia","T-72B3 Obr. 2016",14,3,8,0,25,2022-03-06
"99","Russia","T-80BV",3,2,1,0,6,2022-03-06
"100","Russia","T-80BVM",7,1,1,0,9,2022-03-06
"101","Russia","T-80U",14,12,5,1,32,2022-03-06
"102","Russia","T-80UK",0,1,1,0,2,2022-03-06
"103","Russia","T-90A",4,3,7,0,14,2022-03-06
"104","Russia","TMM-3 bridge layer",4,3,1,1,9,2022-03-06
"105","Russia","TZM-T reloader vehicle (for TOS-1A)",1,0,0,0,1,2022-03-06
"106","Russia","UAZ Patriot",0,1,0,0,1,2022-03-06
"107","Russia","UAZ-23632",1,0,0,0,1,2022-03-06
"108","Russia","UAZ-469",0,0,1,0,1,2022-03-06
"109","Russia","Unknown AFV",1,0,1,0,2,2022-03-06
"110","Russia","Unknown BTR-D/BMD-2",0,0,8,0,8,2022-03-06
"111","Russia","Unknown communications station",0,0,1,0,1,2022-03-06
"112","Russia","Unknown communications station based on the KamAZ 6x6",1,0,0,1,2,2022-03-06
"113","Russia","Unknown Mi-24/35 attack helicopter",0,0,2,1,3,2022-03-06
"114","Russia","Unknown tank",0,2,0,0,2,2022-03-06
"115","Russia","Unknown truck",4,1,14,1,20,2022-03-06
"116","Russia","Unknown vehicle",1,0,3,0,4,2022-03-06
"117","Russia","UR-77 'Meterorit' mine clearing vehicle",2,1,0,0,3,2022-03-06
"118","Russia","Ural Federal",0,3,1,0,4,2022-03-06
"119","Russia","Ural-4320",40,9,23,3,75,2022-03-06
"120","Russia","Ural-4320 Wrecker",1,0,0,1,2,2022-03-06
"121","Russia","Ural-43206",6,1,1,0,8,2022-03-06
"122","Russia","Ural-542301 tank transporter",0,1,0,0,1,2022-03-06
"123","Russia","ZiL-131",0,2,2,0,4,2022-03-06
"124","Ukraine","100mm MT-12 anti-tank gun",1,1,0,0,2,2022-03-06
"125","Ukraine","122mm 2S1 Gvozdika",3,1,3,0,7,2022-03-06
"126","Ukraine","122mm D-30 howitzer",0,0,1,0,1,2022-03-06
"127","Ukraine","152mm 2A65 Msta-B howitzer",0,2,0,0,2,2022-03-06
"128","Ukraine","1L22 'Parol'",0,0,1,1,2,2022-03-06
"129","Ukraine","220mm BM-27 'Uragan'",1,0,0,0,1,2022-03-06
"130","Ukraine","23mm ZU-23",1,0,0,0,1,2022-03-06
"131","Ukraine","5P85D (launcher for S-300PS)",0,0,1,0,1,2022-03-06
"132","Ukraine","9K310 Igla-1",4,0,0,0,4,2022-03-06
"133","Ukraine","9K33 Osa",0,0,5,0,5,2022-03-06
"134","Ukraine","9K35 Strela-10",0,0,1,0,1,2022-03-06
"135","Ukraine","9K38 Igla",2,0,0,0,2,2022-03-06
"136","Ukraine","9M111 Fagot",2,0,0,0,2,2022-03-06
"137","Ukraine","9M113 Konkurs",2,0,0,0,2,2022-03-06
"138","Ukraine","9P148 Konkurs ATGM carrier",1,0,2,0,3,2022-03-06
"139","Ukraine","An-225",0,0,1,0,1,2022-03-06
"140","Ukraine","An-26 transport aircraft",0,0,1,0,1,2022-03-06
"141","Ukraine","AT105A 'Saxon'",1,0,0,0,1,2022-03-06
"142","Ukraine","BAT-2 heavy engineering vehicle",1,0,0,0,1,2022-03-06
"143","Ukraine","BMP-1(P)",2,5,4,1,12,2022-03-06
"144","Ukraine","BMP-1Khs",0,0,1,0,1,2022-03-06
"145","Ukraine","BMP-2",1,1,0,0,2,2022-03-06
"146","Ukraine","BRDM-2",6,8,4,0,18,2022-03-06
"147","Ukraine","BRM-1K",3,0,0,1,4,2022-03-06
"148","Ukraine","BSEM-4K",0,0,1,0,1,2022-03-06
"149","Ukraine","BTR-3",2,0,1,0,3,2022-03-06
"150","Ukraine","BTR-4",8,2,5,0,15,2022-03-06
"151","Ukraine","BTR-60",4,0,0,0,4,2022-03-06
"152","Ukraine","BTR-70",2,1,0,0,3,2022-03-06
"153","Ukraine","BTR-80",4,0,3,0,7,2022-03-06
"154","Ukraine","Buk-M1",0,0,1,0,1,2022-03-06
"155","Ukraine","FGM-148 Javelin",1,0,0,0,1,2022-03-06
"156","Ukraine","GAZ-66",6,3,4,3,16,2022-03-06
"157","Ukraine","HMMWV",1,0,1,0,2,2022-03-06
"158","Ukraine","KamAZ",0,0,1,0,1,2022-03-06
"159","Ukraine","Kozak-2",2,1,1,1,5,2022-03-06
"160","Ukraine","KrAZ-6322",5,0,1,0,6,2022-03-06
"161","Ukraine","Krivak III class frigate 'Hetman Sahaydachniy'",0,0,1,0,1,2022-03-06
"162","Ukraine","MAZ",1,1,7,1,10,2022-03-06
"163","Ukraine","MAZ-537",1,0,1,0,2,2022-03-06
"164","Ukraine","MBT LAW 'NLAW'",4,0,0,0,4,2022-03-06
"165","Ukraine","MiG-29 fighter aircraft",0,0,1,0,1,2022-03-06
"166","Ukraine","MT-LB",0,1,2,0,3,2022-03-06
"167","Ukraine","MT-LB Ambulance",0,1,0,0,1,2022-03-06
"168","Ukraine","MT-LBu",1,1,0,1,3,2022-03-06
"169","Ukraine","Novator",1,0,0,0,1,2022-03-06
"170","Ukraine","P-14 'Tall King'",0,0,0,1,1,2022-03-06
"171","Ukraine","P-35/37 'Bar Lock'",0,0,1,0,1,2022-03-06
"172","Ukraine","PRV-13 'Odd Pair'",0,0,1,0,1,2022-03-06
"173","Ukraine","RK-3 Corsar",2,0,0,0,2,2022-03-06
"174","Ukraine","Su-25 attack aircraft",0,0,2,0,2,2022-03-06
"175","Ukraine","Su-27 fighter aircraft",0,0,3,0,3,2022-03-06
"176","Ukraine","T-64BV",12,7,13,2,34,2022-03-06
"177","Ukraine","T-80BV",1,1,0,1,3,2022-03-06
"178","Ukraine","UAZ-452",1,0,0,0,1,2022-03-06
"179","Ukraine","UAZ-469",1,0,0,0,1,2022-03-06
"180","Ukraine","Unknown BTR",0,1,0,0,1,2022-03-06
"181","Ukraine","Unknown truck",1,2,4,1,8,2022-03-06
"182","Ukraine","Ural-375D",1,0,1,0,2,2022-03-06
"183","Ukraine","Ural-4320",1,0,6,0,7,2022-03-06
"184","Ukraine","Varta",7,0,0,0,7,2022-03-06
"185","Ukraine","ZiL-131",7,1,4,0,12,2022-03-06
