"","country","system","captured","destroyed","abandoned","damaged","total","Date"
"1","Russia","(Unknown) vehicle",1,8,0,0,9,2022-03-24
"2","Russia","100mm MT-12 anti-tank gun",1,0,0,0,1,2022-03-24
"3","Russia","120mm 2B11/2S12",4,0,0,0,4,2022-03-24
"4","Russia","120mm 2B11/2S12A",1,0,0,0,1,2022-03-24
"5","Russia","120mm 2B16 Nona-K howitzer",1,0,2,0,3,2022-03-24
"6","Russia","120mm 2S34 Khosta",1,0,0,0,1,2022-03-24
"7","Russia","120mm 2S9 Nona",4,2,1,0,7,2022-03-24
"8","Russia","122mm 2B17 Tornado-G",0,2,0,0,2,2022-03-24
"9","Russia","122mm 2S1 Gvozdika",3,2,1,0,6,2022-03-24
"10","Russia","122mm BM-21 'Grad'",10,8,5,2,25,2022-03-24
"11","Russia","122mm D-30 howitzer 2A18",5,1,3,0,9,2022-03-24
"12","Russia","152mm 2A65 Msta-B howitzer",2,4,1,2,9,2022-03-24
"13","Russia","152mm 2S19 Msta-S",8,5,9,0,22,2022-03-24
"14","Russia","152mm 2S3 Akatsiya",2,3,6,2,13,2022-03-24
"15","Russia","152mm 2S33 Msta-SM2",3,0,0,0,3,2022-03-24
"16","Russia","1RL257 Krasukha-4 command post",1,0,0,0,1,2022-03-24
"17","Russia","1V119 artillery fire direction vehicle",5,1,0,0,6,2022-03-24
"18","Russia","1V13 battery fire control center",2,1,3,0,6,2022-03-24
"19","Russia","1V14 battery command and forward observer vehicle",1,0,1,0,2,2022-03-24
"20","Russia","220mm BM-27 'Uragan'",2,3,0,0,5,2022-03-24
"21","Russia","220mm TOS-1A",1,0,1,0,2,2022-03-24
"22","Russia","23mm ZU-23",2,0,0,0,2,2022-03-24
"23","Russia","2K22M1 Tunguska",0,2,5,1,8,2022-03-24
"24","Russia","2S1 with ZU-23 AA gun",1,0,0,0,1,2022-03-24
"25","Russia","9A310M1 TELAR (for Buk-M1-2)",0,2,0,1,3,2022-03-24
"26","Russia","9A310M2 TELAR (for Buk-M2)",0,4,0,0,4,2022-03-24
"27","Russia","9A330 Tor TLAR (for 9K330 Tor-M)",2,0,2,1,5,2022-03-24
"28","Russia","9A331 TLAR (for 9K331 Tor-M1)",1,4,1,0,6,2022-03-24
"29","Russia","9A331M TLAR (for 9K332 Tor-M2)",1,1,0,0,2,2022-03-24
"30","Russia","9A39M1 TEL (for Buk-M1-2)",0,2,0,0,2,2022-03-24
"31","Russia","9A39M2 TEL (for Buk-M2)",0,2,0,0,2,2022-03-24
"32","Russia","9K33 Osa",2,2,2,1,7,2022-03-24
"33","Russia","9K333 Verba",1,0,0,0,1,2022-03-24
"34","Russia","9K35 Strela-10",3,0,3,0,6,2022-03-24
"35","Russia","9K38 Igla",4,0,0,0,4,2022-03-24
"36","Russia","9M111 Fagot",3,0,0,0,3,2022-03-24
"37","Russia","9M113 Konkurs",14,0,0,0,14,2022-03-24
"38","Russia","9M113M Konkurs-M",1,0,0,0,1,2022-03-24
"39","Russia","9M114 Kokon",0,0,2,0,2,2022-03-24
"40","Russia","9P149 Shturm-S ATGM carrier",2,3,2,0,7,2022-03-24
"41","Russia","9S18М1(-3) (for Buk-M3)",0,1,0,0,1,2022-03-24
"42","Russia","9S470M1 (or variant thereof) command post (for Buk-M1/2)",0,1,0,0,1,2022-03-24
"43","Russia","9T217 transloader (for 9K33 Osa)",1,1,0,0,2,2022-03-24
"44","Russia","9T452 transporter-loader (for BM-27 'Uragan' MRL)",0,1,0,0,1,2022-03-24
"45","Russia","9М131 Metis-M",1,0,0,0,1,2022-03-24
"46","Russia","9М131F Metis-M1",1,0,0,0,1,2022-03-24
"47","Russia","9М133 Kornet",1,0,0,0,1,2022-03-24
"48","Russia","An-26 transport aircraft",0,1,0,0,1,2022-03-24
"49","Russia","Armoured SUV",1,0,0,1,2,2022-03-24
"50","Russia","Barnaul-T 9С932-1 automated system for air defence units",2,0,1,0,3,2022-03-24
"51","Russia","BAT-2 heavy engineering vehicle",0,1,0,0,1,2022-03-24
"52","Russia","BMD-1KSh-A command vehicle",0,1,0,0,1,2022-03-24
"53","Russia","BMD-2",28,18,7,2,55,2022-03-24
"54","Russia","BMD-4M",9,5,1,0,15,2022-03-24
"55","Russia","BMP-1(P)",11,10,0,1,22,2022-03-24
"56","Russia","BMP-1Khs",0,1,1,0,2,2022-03-24
"57","Russia","BMP-2",21,47,13,5,86,2022-03-24
"58","Russia","BMP-2K",0,0,1,0,1,2022-03-24
"59","Russia","BMP-3",14,20,0,1,35,2022-03-24
"60","Russia","BREM-1 armoured recovery vehicle",1,0,0,0,1,2022-03-24
"61","Russia","BREM-Ch ''BREM-4'' armoured recovery vehicle",1,1,0,0,2,2022-03-24
"62","Russia","BREM-K armoured recovery vehicle",2,0,0,0,2,2022-03-24
"63","Russia","BRM-1K",0,5,0,0,5,2022-03-24
"64","Russia","BTR-80",20,11,6,1,38,2022-03-24
"65","Russia","BTR-82A",10,24,8,3,45,2022-03-24
"66","Russia","BTR-D",14,5,8,0,27,2022-03-24
"67","Russia","BTR-D APC with UR-67 mine clearing charge",1,0,0,0,1,2022-03-24
"68","Russia","BTR-MDM 'Rakushka'",5,0,0,0,5,2022-03-24
"69","Russia","BTR-ZD 'Skrezhet'",1,0,0,0,1,2022-03-24
"70","Russia","E95M target drone (likely used as unmanned bait in order for Ukraine to reveal the location of air defence systems)",1,0,0,0,1,2022-03-24
"71","Russia","Eleron-3 reconnaissance UAV",3,0,0,0,3,2022-03-24
"72","Russia","Fara ground surveillance radar",1,0,0,0,1,2022-03-24
"73","Russia","Forpost reconnaissance UAV",0,1,0,0,1,2022-03-24
"74","Russia","Fuel train",0,2,0,0,2,2022-03-24
"75","Russia","GAZ Sobol",0,1,1,0,2,2022-03-24
"76","Russia","GAZ Tigr",0,0,1,0,1,2022-03-24
"77","Russia","GAZ Tigr-M",17,21,3,4,45,2022-03-24
"78","Russia","GAZ-3308",0,0,3,0,3,2022-03-24
"79","Russia","GAZ-66",4,2,1,0,7,2022-03-24
"80","Russia","GMZ-3 minelayer",1,0,0,0,1,2022-03-24
"81","Russia","IMR-2 combat engineering vehicle",1,1,2,0,4,2022-03-24
"82","Russia","Iveco LMV 'Rys'",1,11,1,1,14,2022-03-24
"83","Russia","K-53949 'Linza'",1,0,0,0,1,2022-03-24
"84","Russia","K-53949 Typhoon-K",2,1,1,0,4,2022-03-24
"85","Russia","Ka-52 'Alligator' attack helicopter",0,3,2,3,8,2022-03-24
"86","Russia","KamAZ 4x4",2,2,1,0,5,2022-03-24
"87","Russia","KamAZ 6x6",65,90,20,7,182,2022-03-24
"88","Russia","KamAZ 8x8",0,2,0,0,2,2022-03-24
"89","Russia","KamAZ Avtozaks",1,3,1,0,5,2022-03-24
"90","Russia","KamAZ with armoured cabin",1,1,2,0,4,2022-03-24
"91","Russia","KamAZ-5350 with crane",0,1,0,0,1,2022-03-24
"92","Russia","KamAZ-5350 with EOV-3523 excavator",3,2,0,0,5,2022-03-24
"93","Russia","KamAZ-5350 with KS-45719-7M crane",0,1,0,0,1,2022-03-24
"94","Russia","KamAZ-6350 8x8 artillery tractor",0,3,0,2,5,2022-03-24
"95","Russia","KamAZ-63968 'Typhoon'",2,3,2,0,7,2022-03-24
"96","Russia","KrAZ-22B",1,1,0,0,2,2022-03-24
"97","Russia","Mi-24V/P attack helicopter",0,2,0,0,2,2022-03-24
"98","Russia","Mi-28 attack helicopter",0,1,0,0,1,2022-03-24
"99","Russia","Mi-35M attack helicopter",0,3,0,0,3,2022-03-24
"100","Russia","Mi-8 transport helicopter",0,4,0,0,4,2022-03-24
"101","Russia","MP-2IM signals vehicle",0,0,1,0,1,2022-03-24
"102","Russia","MT-LB",47,27,18,0,92,2022-03-24
"103","Russia","MT-LB Ambulance",0,1,0,0,1,2022-03-24
"104","Russia","MT-LB with ZU-23 AA gun",0,3,0,0,3,2022-03-24
"105","Russia","MT-LBM 6MB",0,0,1,0,1,2022-03-24
"106","Russia","MT-LBu",3,2,1,0,6,2022-03-24
"107","Russia","MTU-72 bridge layer",1,0,0,0,1,2022-03-24
"108","Russia","Orlan-10 reconnaissance UAV",2,5,0,0,7,2022-03-24
"109","Russia","P-260-U signal vehicle (for Redut-2US signal and communications system)",1,1,0,0,2,2022-03-24
"110","Russia","Pantsir-S1",3,3,1,0,7,2022-03-24
"111","Russia","PMP floating bridge",0,2,0,0,2,2022-03-24
"112","Russia","Project 03160 Raptor class patrol boat",0,0,0,1,1,2022-03-24
"113","Russia","Project 1171 Tapir class landing ship 'Saratov (BDK-65)'",0,1,0,0,1,2022-03-24
"114","Russia","Project 775 Ropucha class landing ship",0,0,0,1,1,2022-03-24
"115","Russia","PTS-3 tracked amphibious transport",0,0,2,0,2,2022-03-24
"116","Russia","R-149MA1 command and staff vehicle",5,3,3,1,12,2022-03-24
"117","Russia","R-149MA3 command and staff vehicle",5,5,0,2,12,2022-03-24
"118","Russia","R-166-0.5 signals vehicle",1,1,1,0,3,2022-03-24
"119","Russia","R-330BMV Borisoglebsk-2B",1,1,0,1,3,2022-03-24
"120","Russia","R-330ZH Zhitel",0,1,0,0,1,2022-03-24
"121","Russia","R-419L1 communications station",0,0,1,0,1,2022-03-24
"122","Russia","REM-KL armoured recovery vehicle",1,0,0,0,1,2022-03-24
"123","Russia","Su-25 close air support aircraft",0,6,0,1,7,2022-03-24
"124","Russia","Su-30SM multirole aircraft",0,3,0,0,3,2022-03-24
"125","Russia","Su-34 strike aircraft",0,4,0,0,4,2022-03-24
"126","Russia","T-64BV",2,4,0,1,7,2022-03-24
"127","Russia","T-72A",6,2,0,0,8,2022-03-24
"128","Russia","T-72AV",1,2,0,0,3,2022-03-24
"129","Russia","T-72B",22,16,6,3,47,2022-03-24
"130","Russia","T-72B Obr. 1989",5,5,2,2,14,2022-03-24
"131","Russia","T-72B3",8,10,4,1,23,2022-03-24
"132","Russia","T-72B3 Obr. 2016",31,27,7,2,67,2022-03-24
"133","Russia","T-80BV",4,4,2,0,10,2022-03-24
"134","Russia","T-80BVM",12,5,1,0,18,2022-03-24
"135","Russia","T-80U",19,6,14,1,40,2022-03-24
"136","Russia","T-80UK",1,1,1,0,3,2022-03-24
"137","Russia","T-80UM2",0,1,0,0,1,2022-03-24
"138","Russia","T-90A",6,8,4,0,18,2022-03-24
"139","Russia","TMM-3 bridge layer",6,1,3,1,11,2022-03-24
"140","Russia","Torn(-MDM)",1,0,0,0,1,2022-03-24
"141","Russia","TZM-T reloader vehicle (for TOS-1A)",0,2,2,0,4,2022-03-24
"142","Russia","UAZ Patriot",0,0,1,1,2,2022-03-24
"143","Russia","UAZ-23632",2,0,0,0,2,2022-03-24
"144","Russia","UAZ-452",0,2,0,0,2,2022-03-24
"145","Russia","UAZ-469",1,2,1,0,4,2022-03-24
"146","Russia","Unknown AFV",1,17,2,0,20,2022-03-24
"147","Russia","Unknown BMP-1/2",0,5,0,0,5,2022-03-24
"148","Russia","Unknown BTR-80/BTR-82A",0,2,0,0,2,2022-03-24
"149","Russia","Unknown BTR-D/BMD-2",0,11,0,0,11,2022-03-24
"150","Russia","Unknown communications station",0,1,0,0,1,2022-03-24
"151","Russia","Unknown communications station based on the KamAZ 6x6",1,0,0,1,2,2022-03-24
"152","Russia","Unknown helicopter",0,2,0,1,3,2022-03-24
"153","Russia","Unknown Mi-24/35 attack helicopter",0,2,0,1,3,2022-03-24
"154","Russia","Unknown tank",1,21,1,2,25,2022-03-24
"155","Russia","Unknown truck",8,43,2,4,57,2022-03-24
"156","Russia","UR-77 'Meterorit' mine clearing vehicle",5,1,1,0,7,2022-03-24
"157","Russia","Ural Federal",0,2,3,0,5,2022-03-24
"158","Russia","Ural-375D",0,1,0,0,1,2022-03-24
"159","Russia","Ural-4320",60,70,16,4,150,2022-03-24
"160","Russia","Ural-4320 KET-L",1,0,0,1,2,2022-03-24
"161","Russia","Ural-4320 with crane",0,1,0,0,1,2022-03-24
"162","Russia","Ural-43206",9,4,2,0,15,2022-03-24
"163","Russia","Ural-542301 tank transporter",0,0,1,0,1,2022-03-24
"164","Russia","Ural-63704-0010 Tornado-U",0,0,1,0,1,2022-03-24
"165","Russia","Ural-TK6A-001",1,0,0,0,1,2022-03-24
"166","Russia","Vityaz DT-30 articulated tracked carrier",0,1,1,0,2,2022-03-24
"167","Russia","ZALA Aero KUB-BLA loitering munition",0,4,0,0,4,2022-03-24
"168","Russia","ZiL-131",0,3,2,0,5,2022-03-24
"169","Ukraine","100mm MT-12 anti-tank gun",2,1,1,0,4,2022-03-24
"170","Ukraine","120mm BTR-3M2",1,0,0,0,1,2022-03-24
"171","Ukraine","122mm 2S1 Gvozdika",4,5,1,1,11,2022-03-24
"172","Ukraine","122mm BM-21 'Grad'",2,1,0,0,3,2022-03-24
"173","Ukraine","122mm D-30 howitzer",0,1,0,0,1,2022-03-24
"174","Ukraine","152mm 2A36 Giatsint-B field-gun",0,0,1,0,1,2022-03-24
"175","Ukraine","152mm 2A65 Msta-B howitzer",0,0,2,0,2,2022-03-24
"176","Ukraine","1L22 'Parol'",0,1,0,1,2,2022-03-24
"177","Ukraine","1V18 'Klyon-1' artillery command and forward observer vehicle",1,0,0,0,1,2022-03-24
"178","Ukraine","220mm BM-27 'Uragan'",2,0,0,0,2,2022-03-24
"179","Ukraine","23mm ZU-23",2,0,0,0,2,2022-03-24
"180","Ukraine","30N6 'Flap Lid'",0,1,0,0,1,2022-03-24
"181","Ukraine","36D6 'Tin Shield'",0,1,0,0,1,2022-03-24
"182","Ukraine","5P85D (launcher for S-300PS)",0,2,0,0,2,2022-03-24
"183","Ukraine","5P85S (launcher for S-300PS)",0,2,1,0,3,2022-03-24
"184","Ukraine","9K310 Igla-1",5,0,0,0,5,2022-03-24
"185","Ukraine","9K33 Osa",2,8,0,0,10,2022-03-24
"186","Ukraine","9K35 Strela-10",1,1,1,1,4,2022-03-24
"187","Ukraine","9K38 Igla",3,0,0,0,3,2022-03-24
"188","Ukraine","9M111 Fagot",2,0,0,0,2,2022-03-24
"189","Ukraine","9M113 Konkurs",2,0,0,0,2,2022-03-24
"190","Ukraine","9P148 Konkurs ATGM carrier",1,3,0,0,4,2022-03-24
"191","Ukraine","9T217 transloader (for 9K33 Osa)",0,1,0,0,1,2022-03-24
"192","Ukraine","9T452 transporter-loader (for BM-27 'Uragan' MRL)",0,1,0,0,1,2022-03-24
"193","Ukraine","A1-SM Fury reconnaissance UAV",0,1,0,0,1,2022-03-24
"194","Ukraine","An-26 transport aircraft",0,1,0,0,1,2022-03-24
"195","Ukraine","AN/TPQ-36 lightweight counter mortar radar",1,0,0,0,1,2022-03-24
"196","Ukraine","AN/TPQ-49 lightweight counter mortar radar",1,0,0,0,1,2022-03-24
"197","Ukraine","AT105A 'Saxon'",1,0,0,0,1,2022-03-24
"198","Ukraine","BAT-2 heavy engineering vehicle",1,0,0,0,1,2022-03-24
"199","Ukraine","Bayraktar TB2 UCAV",0,1,0,0,1,2022-03-24
"200","Ukraine","BMP-1(P)",3,13,6,1,23,2022-03-24
"201","Ukraine","BMP-1Khs",0,1,0,0,1,2022-03-24
"202","Ukraine","BMP-1TS",0,1,0,0,1,2022-03-24
"203","Ukraine","BMP-2",1,1,1,1,4,2022-03-24
"204","Ukraine","BRDM-2",17,6,1,0,24,2022-03-24
"205","Ukraine","BREM-1 ARV",1,0,0,0,1,2022-03-24
"206","Ukraine","BRM-1K",3,0,0,1,4,2022-03-24
"207","Ukraine","BSEM-4K",0,1,0,0,1,2022-03-24
"208","Ukraine","BTR-3",2,2,0,0,4,2022-03-24
"209","Ukraine","BTR-4",13,8,2,1,24,2022-03-24
"210","Ukraine","BTR-60",4,0,0,0,4,2022-03-24
"211","Ukraine","BTR-70",6,1,1,0,8,2022-03-24
"212","Ukraine","BTR-80",6,4,0,0,10,2022-03-24
"213","Ukraine","Buk-M1",0,1,0,0,1,2022-03-24
"214","Ukraine","FGM-148 Javelin",5,0,0,0,5,2022-03-24
"215","Ukraine","GAZ-3308",1,0,0,0,1,2022-03-24
"216","Ukraine","GAZ-66",18,10,3,3,34,2022-03-24
"217","Ukraine","Gyurza-M class gunboat",2,0,0,0,2,2022-03-24
"218","Ukraine","HMMWV",2,1,0,1,4,2022-03-24
"219","Ukraine","Island class patrol boat P190 Slovyansk",0,1,0,0,1,2022-03-24
"220","Ukraine","KamAZ",1,2,0,1,4,2022-03-24
"221","Ukraine","Kozak-2",4,1,1,1,7,2022-03-24
"222","Ukraine","KrAZ Cobra",0,1,0,0,1,2022-03-24
"223","Ukraine","KrAZ Spartan",0,1,0,0,1,2022-03-24
"224","Ukraine","KrAZ-255B",4,0,0,0,4,2022-03-24
"225","Ukraine","KrAZ-260",1,0,0,0,1,2022-03-24
"226","Ukraine","KrAZ-5233",4,0,0,0,4,2022-03-24
"227","Ukraine","KrAZ-6322",8,1,0,1,10,2022-03-24
"228","Ukraine","Krivak III class frigate 'Hetman Sahaydachniy'",0,1,0,0,1,2022-03-24
"229","Ukraine","Leleka-100 reconnaissance UAV",2,0,0,0,2,2022-03-24
"230","Ukraine","MAZ",2,8,2,1,13,2022-03-24
"231","Ukraine","MAZ-537",1,1,0,0,2,2022-03-24
"232","Ukraine","MBT LAW 'NLAW'",8,0,0,0,8,2022-03-24
"233","Ukraine","Mi-24 attack helicopter",0,1,0,0,1,2022-03-24
"234","Ukraine","MiG-29 fighter aircraft",0,3,0,0,3,2022-03-24
"235","Ukraine","MT-LB",2,2,1,0,5,2022-03-24
"236","Ukraine","MT-LB Ambulance",0,0,1,0,1,2022-03-24
"237","Ukraine","MT-LB with ZU-23 AA gun",1,0,0,0,1,2022-03-24
"238","Ukraine","MT-LBu",2,2,1,1,6,2022-03-24
"239","Ukraine","Novator",1,2,0,1,4,2022-03-24
"240","Ukraine","P-14 'Tall King'",0,0,0,1,1,2022-03-24
"241","Ukraine","P-19 'Flat Face B'",0,1,0,0,1,2022-03-24
"242","Ukraine","P-35/37 'Bar Lock'",0,1,0,0,1,2022-03-24
"243","Ukraine","PRV-13 'Odd Pair'",0,1,0,0,1,2022-03-24
"244","Ukraine","RK-3 Corsar",2,0,0,0,2,2022-03-24
"245","Ukraine","RKhM 'Kashalot'",1,0,0,0,1,2022-03-24
"246","Ukraine","Small patrol boats (Sea Guard)",6,0,0,0,6,2022-03-24
"247","Ukraine","SNAR-10 battlefield surveillance radar",1,0,0,0,1,2022-03-24
"248","Ukraine","Sorum class seagoing tugboat 'Korets' ''A830 or P186''",1,0,0,0,1,2022-03-24
"249","Ukraine","Su-25 attack aircraft",0,4,0,1,5,2022-03-24
"250","Ukraine","Su-27 fighter aircraft",0,3,0,0,3,2022-03-24
"251","Ukraine","T-64B1M",0,0,1,1,2,2022-03-24
"252","Ukraine","T-64BV",25,20,7,2,54,2022-03-24
"253","Ukraine","T-72AMT",1,1,0,0,2,2022-03-24
"254","Ukraine","T-72AV",0,2,0,0,2,2022-03-24
"255","Ukraine","T-72B",1,0,0,0,1,2022-03-24
"256","Ukraine","T-80BV",2,0,1,1,4,2022-03-24
"257","Ukraine","Tu-141 reconnaissance UAV",0,4,0,0,4,2022-03-24
"258","Ukraine","UAZ-452",2,0,0,0,2,2022-03-24
"259","Ukraine","UAZ-469",4,0,0,0,4,2022-03-24
"260","Ukraine","Unknown AFV",0,6,0,0,6,2022-03-24
"261","Ukraine","Unknown BTR",0,0,1,0,1,2022-03-24
"262","Ukraine","Unknown tank",0,1,0,0,1,2022-03-24
"263","Ukraine","Unknown towed artillery",0,1,0,2,3,2022-03-24
"264","Ukraine","Unknown truck",4,9,1,4,18,2022-03-24
"265","Ukraine","Unknown vehicle",0,2,0,0,2,2022-03-24
"266","Ukraine","Ural-375D",14,1,0,0,15,2022-03-24
"267","Ukraine","Ural-4320",1,6,0,0,7,2022-03-24
"268","Ukraine","Varta",10,1,0,0,11,2022-03-24
"269","Ukraine","Vepr MRAP",1,0,0,0,1,2022-03-24
"270","Ukraine","Zhuk class patrol boat (Sea Guard)",2,0,0,0,2,2022-03-24
"271","Ukraine","ZiL-130",0,1,0,0,1,2022-03-24
"272","Ukraine","ZiL-131",26,7,2,0,35,2022-03-24
"273","Ukraine","ZiL-157",1,0,0,0,1,2022-03-24
"274","Ukraine","ZSU-23-4 'Shilka'",1,0,0,0,1,2022-03-24
